[SCALE]
1

[BORDER]
0 0
4000 0
4000 4000
0 4000

[OBSTACLE]
100 2000
2000 2000
2000 100
100 100

[OBSTACLE]
400 790
737.75 595
737.75 205
400 400
62.2501 205
62.2501 595

[OBSTACLE]
400 1040
629.236 965.517
770.912 770.517
770.912 529.483
629.236 334.483
400 260
400 650
29.088 529.483
29.088 770.517
170.764 965.517

[OBSTACLE]
400 1290
770.912 1020.52
629.236 584.483
170.764 584.483
29.088 1020.52

[OBSTACLE]
400 1540
737.75 1345
737.75 955
400 760
400 1150
62.2501 1345

[OBSTACLE]
400 1400
704.914 1643.16
780.222 1313.22
569.215 1048.62
230.785 1048.62
19.7781 1313.22
95.0857 1643.16

[OBSTACLE]
400 2040
629.236 1965.52
770.912 1770.52
770.912 1529.48
629.236 1334.48
400 1260
170.764 1334.48
29.088 1529.48
400 1650
170.764 1965.52

[OBSTACLE]
400 2290
770.912 2020.52
629.236 1584.48
170.764 1584.48
29.088 2020.52

[OBSTACLE]
650 790
1020.91 520.517
879.236 84.4834
420.764 84.4834
279.088 520.517

[OBSTACLE]
650 1040
925.772 925.772
1040 650
650 650
650 260
374.228 374.228
260 650
374.228 925.772

[OBSTACLE]
650 1290
954.914 1143.16
1030.22 813.217
819.215 548.622
480.785 548.622
269.778 813.217
345.086 1143.16

[OBSTACLE]
650 1540
879.236 1465.52
1020.91 1270.52
1020.91 1029.48
879.236 834.483
650 1150
420.764 834.483
279.088 1029.48
279.088 1270.52
420.764 1465.52

[OBSTACLE]
650 1790
879.236 1715.52
1020.91 1520.52
1020.91 1279.48
879.236 1084.48
650 1010
650 1400
279.088 1279.48
279.088 1520.52
420.764 1715.52

[OBSTACLE]
650 2040
650 1650
879.236 1334.48
420.764 1334.48
279.088 1770.52

[OBSTACLE]
650 2290
879.236 2215.52
1020.91 2020.52
1020.91 1779.48
879.236 1584.48
650 1510
420.764 1584.48
650 1900
279.088 2020.52
420.764 2215.52

[OBSTACLE]
900 790
1237.75 595
1237.75 205
900 10
562.25 205
562.25 595

[OBSTACLE]
900 1040
1175.77 925.772
1290 650
1175.77 374.228
900 260
624.228 374.228
510 650
900 650

[OBSTACLE]
900 1290
1150.69 1198.76
1284.08 967.723
1237.75 705
1033.39 533.52
766.612 533.52
562.25 705
900 900
649.313 1198.76

[OBSTACLE]
900 1540
1204.91 1393.16
1280.22 1063.22
1069.21 798.622
730.785 798.622
519.778 1063.22
900 1150

[OBSTACLE]
900 1790
1270.91 1520.52
1129.24 1084.48
900 1400
529.088 1520.52

[OBSTACLE]
900 1650
1270.91 1770.52
1129.24 1334.48
670.764 1334.48
529.088 1770.52

[OBSTACLE]
900 2290
1204.91 2143.16
1280.22 1813.22
900 1900
730.785 1548.62
519.778 1813.22
595.086 2143.16

[OBSTACLE]
1150 790
1379.24 715.517
1520.91 520.517
1520.91 279.483
1379.24 84.4834
1150 10
920.764 84.4834
1150 400
779.088 520.517
920.764 715.517

[OBSTACLE]
1150 1040
1379.24 965.517
1150 650
1520.91 529.483
1379.24 334.483
1150 260
920.764 334.483
779.088 529.483
779.088 770.517
920.764 965.517

[OBSTACLE]
1150 900
1454.91 1143.16
1530.22 813.217
1319.21 548.622
980.785 548.622
769.778 813.217
845.086 1143.16

[OBSTACLE]
1150 1540
1400.69 1448.76
1534.08 1217.72
1487.75 955
1150 1150
1016.61 783.52
812.25 955
765.925 1217.72
899.313 1448.76

[OBSTACLE]
1150 1790
1487.75 1595
1487.75 1205
1150 1010
812.25 1205
812.25 1595

[OBSTACLE]
1150 2040
1520.91 1770.52
1150 1650
920.764 1334.48
779.088 1770.52

[OBSTACLE]
1150 2290
1454.91 2143.16
1150 1900
1319.21 1548.62
980.785 1548.62
769.778 1813.22
845.086 2143.16

[OBSTACLE]
1400 400
1737.75 595
1737.75 205
1400 10
1062.25 205
1062.25 595

[OBSTACLE]
1400 1040
1770.91 770.517
1629.24 334.483
1400 650
1029.09 770.517

[OBSTACLE]
1400 1290
1704.91 1143.16
1780.22 813.217
1569.21 548.622
1400 900
1019.78 813.217
1095.09 1143.16

[OBSTACLE]
1400 1540
1629.24 1465.52
1400 1150
1770.91 1029.48
1629.24 834.483
1400 760
1170.76 834.483
1029.09 1029.48
1029.09 1270.52
1170.76 1465.52

[OBSTACLE]
1400 1400
1650.69 1698.76
1784.08 1467.72
1737.75 1205
1533.39 1033.52
1266.61 1033.52
1062.25 1205
1015.92 1467.72
1149.31 1698.76

[OBSTACLE]
1400 2040
1650.69 1948.76
1784.08 1717.72
1737.75 1455
1400 1650
1266.61 1283.52
1062.25 1455
1015.92 1717.72
1149.31 1948.76

[OBSTACLE]
1400 2290
1650.69 2198.76
1784.08 1967.72
1737.75 1705
1400 1900
1266.61 1533.52
1062.25 1705
1015.92 1967.72
1149.31 2198.76

[OBSTACLE]
1650 790
1987.75 595
1987.75 205
1650 10
1312.25 205
1650 400

[OBSTACLE]
1650 1040
2020.91 770.517
1650 650
1420.76 334.483
1279.09 770.517

[OBSTACLE]
1650 1290
2020.91 1020.52
1879.24 584.483
1420.76 584.483
1279.09 1020.52

[OBSTACLE]
1650 1540
2020.91 1270.52
1650 1150
1420.76 834.483
1279.09 1270.52

[OBSTACLE]
1650 1790
1954.91 1643.16
2030.22 1313.22
1819.21 1048.62
1480.79 1048.62
1269.78 1313.22
1345.09 1643.16

[OBSTACLE]
1650 1650
1879.24 1965.52
2020.91 1770.52
2020.91 1529.48
1879.24 1334.48
1650 1260
1420.76 1334.48
1279.09 1529.48
1279.09 1770.52
1420.76 1965.52

[OBSTACLE]
1650 2290
1987.75 2095
1650 1900
1650 1510
1312.25 1705
1312.25 2095

[OBSTACLE]
1900 790
2204.91 643.161
2280.22 313.217
2069.21 48.6221
1730.79 48.6221
1519.78 313.217
1900 400

[OBSTACLE]
1900 1040
2237.75 845
2237.75 455
1900 260
1562.25 455
1900 650

[OBSTACLE]
1900 1290
2204.91 1143.16
2280.22 813.217
2069.21 548.622
1900 900
1519.78 813.217
1595.09 1143.16

[OBSTACLE]
1900 1540
2204.91 1393.16
2280.22 1063.22
2069.21 798.622
1730.79 798.622
1519.78 1063.22
1900 1150

[OBSTACLE]
1900 1790
2175.77 1675.77
2290 1400
2175.77 1124.23
1900 1010
1900 1400
1510 1400
1624.23 1675.77

[OBSTACLE]
1900 2040
2270.91 1770.52
2129.24 1334.48
1670.76 1334.48
1529.09 1770.52

[OBSTACLE]
1900 2290
2175.77 2175.77
1900 1900
2175.77 1624.23
1900 1510
1624.23 1624.23
1510 1900
1624.23 2175.77

[OBSTACLE]
2100 2000
4000 2000
4000 100
2100 100

[OBSTACLE]
2400 790
2737.75 595
2737.75 205
2400 400
2062.25 205
2062.25 595

[OBSTACLE]
2400 1040
2629.24 965.517
2770.91 770.517
2770.91 529.483
2629.24 334.483
2400 260
2400 650
2029.09 529.483
2029.09 770.517
2170.76 965.517

[OBSTACLE]
2400 1290
2770.91 1020.52
2629.24 584.483
2170.76 584.483
2029.09 1020.52

[OBSTACLE]
2400 1540
2737.75 1345
2737.75 955
2400 760
2400 1150
2062.25 1345

[OBSTACLE]
2400 1400
2704.91 1643.16
2780.22 1313.22
2569.22 1048.62
2230.78 1048.62
2019.78 1313.22
2095.09 1643.16

[OBSTACLE]
2400 2040
2629.24 1965.52
2770.91 1770.52
2770.91 1529.48
2629.24 1334.48
2400 1260
2170.76 1334.48
2029.09 1529.48
2400 1650
2170.76 1965.52

[OBSTACLE]
2400 2290
2770.91 2020.52
2629.24 1584.48
2170.76 1584.48
2029.09 2020.52

[OBSTACLE]
2650 790
3020.91 520.517
2879.24 84.4834
2420.76 84.4834
2279.09 520.517

[OBSTACLE]
2650 1040
2925.77 925.772
3040 650
2650 650
2650 260
2374.23 374.228
2260 650
2374.23 925.772

[OBSTACLE]
2650 1290
2954.91 1143.16
3030.22 813.217
2819.22 548.622
2480.78 548.622
2269.78 813.217
2345.09 1143.16

[OBSTACLE]
2650 1540
2879.24 1465.52
3020.91 1270.52
3020.91 1029.48
2879.24 834.483
2650 1150
2420.76 834.483
2279.09 1029.48
2279.09 1270.52
2420.76 1465.52

[OBSTACLE]
2650 1790
2879.24 1715.52
3020.91 1520.52
3020.91 1279.48
2879.24 1084.48
2650 1010
2650 1400
2279.09 1279.48
2279.09 1520.52
2420.76 1715.52

[OBSTACLE]
2650 2040
2650 1650
2879.24 1334.48
2420.76 1334.48
2279.09 1770.52

[OBSTACLE]
2650 2290
2879.24 2215.52
3020.91 2020.52
3020.91 1779.48
2879.24 1584.48
2650 1510
2420.76 1584.48
2650 1900
2279.09 2020.52
2420.76 2215.52

[OBSTACLE]
2900 790
3237.75 595
3237.75 205
2900 10
2562.25 205
2562.25 595

[OBSTACLE]
2900 1040
3175.77 925.772
3290 650
3175.77 374.228
2900 260
2624.23 374.228
2510 650
2900 650

[OBSTACLE]
2900 1290
3150.69 1198.76
3284.08 967.723
3237.75 705
3033.39 533.52
2766.61 533.52
2562.25 705
2900 900
2649.31 1198.76

[OBSTACLE]
2900 1540
3204.91 1393.16
3280.22 1063.22
3069.21 798.622
2730.78 798.622
2519.78 1063.22
2900 1150

[OBSTACLE]
2900 1790
3270.91 1520.52
3129.24 1084.48
2900 1400
2529.09 1520.52

[OBSTACLE]
2900 1650
3270.91 1770.52
3129.24 1334.48
2670.76 1334.48
2529.09 1770.52

[OBSTACLE]
2900 2290
3204.91 2143.16
3280.22 1813.22
2900 1900
2730.78 1548.62
2519.78 1813.22
2595.09 2143.16

[OBSTACLE]
3150 790
3379.24 715.517
3520.91 520.517
3520.91 279.483
3379.24 84.4834
3150 10
2920.76 84.4834
3150 400
2779.09 520.517
2920.76 715.517

[OBSTACLE]
3150 1040
3379.24 965.517
3150 650
3520.91 529.483
3379.24 334.483
3150 260
2920.76 334.483
2779.09 529.483
2779.09 770.517
2920.76 965.517

[OBSTACLE]
3150 900
3454.91 1143.16
3530.22 813.217
3319.21 548.622
2980.78 548.622
2769.78 813.217
2845.09 1143.16

[OBSTACLE]
3150 1540
3400.69 1448.76
3534.08 1217.72
3487.75 955
3150 1150
3016.61 783.52
2812.25 955
2765.93 1217.72
2899.31 1448.76

[OBSTACLE]
3150 1790
3487.75 1595
3487.75 1205
3150 1010
2812.25 1205
2812.25 1595

[OBSTACLE]
3150 2040
3520.91 1770.52
3150 1650
2920.76 1334.48
2779.09 1770.52

[OBSTACLE]
3150 2290
3454.91 2143.16
3150 1900
3319.21 1548.62
2980.78 1548.62
2769.78 1813.22
2845.09 2143.16

[OBSTACLE]
3400 400
3737.75 595
3737.75 205
3400 10
3062.25 205
3062.25 595

[OBSTACLE]
3400 1040
3770.91 770.517
3629.24 334.483
3400 650
3029.09 770.517

[OBSTACLE]
3400 1290
3704.91 1143.16
3780.22 813.217
3569.21 548.622
3400 900
3019.78 813.217
3095.09 1143.16

[OBSTACLE]
3400 1540
3629.24 1465.52
3400 1150
3770.91 1029.48
3629.24 834.483
3400 760
3170.76 834.483
3029.09 1029.48
3029.09 1270.52
3170.76 1465.52

[OBSTACLE]
3400 1400
3650.69 1698.76
3784.08 1467.72
3737.75 1205
3533.39 1033.52
3266.61 1033.52
3062.25 1205
3015.92 1467.72
3149.31 1698.76

[OBSTACLE]
3400 2040
3650.69 1948.76
3784.08 1717.72
3737.75 1455
3400 1650
3266.61 1283.52
3062.25 1455
3015.92 1717.72
3149.31 1948.76

[OBSTACLE]
3400 2290
3650.69 2198.76
3784.08 1967.72
3737.75 1705
3400 1900
3266.61 1533.52
3062.25 1705
3015.92 1967.72
3149.31 2198.76

[OBSTACLE]
3650 790
3987.75 595
3987.75 205
3650 10
3312.25 205
3650 400

[OBSTACLE]
3650 1040
4020.91 770.517
3650 650
3420.76 334.483
3279.09 770.517

[OBSTACLE]
3650 1290
4020.91 1020.52
3879.24 584.483
3420.76 584.483
3279.09 1020.52

[OBSTACLE]
3650 1540
4020.91 1270.52
3650 1150
3420.76 834.483
3279.09 1270.52

[OBSTACLE]
3650 1790
3954.91 1643.16
4030.22 1313.22
3819.21 1048.62
3480.79 1048.62
3269.78 1313.22
3345.09 1643.16

[OBSTACLE]
3650 1650
3879.24 1965.52
4020.91 1770.52
4020.91 1529.48
3879.24 1334.48
3650 1260
3420.76 1334.48
3279.09 1529.48
3279.09 1770.52
3420.76 1965.52

[OBSTACLE]
3650 2290
3987.75 2095
3650 1900
3650 1510
3312.25 1705
3312.25 2095

[OBSTACLE]
3900 790
4204.91 643.161
4280.22 313.217
4069.21 48.6221
3730.79 48.6221
3519.78 313.217
3900 400

[OBSTACLE]
3900 1040
4237.75 845
4237.75 455
3900 260
3562.25 455
3900 650

[OBSTACLE]
3900 1290
4204.91 1143.16
4280.22 813.217
4069.21 548.622
3900 900
3519.78 813.217
3595.09 1143.16

[OBSTACLE]
3900 1540
4204.91 1393.16
4280.22 1063.22
4069.21 798.622
3730.79 798.622
3519.78 1063.22
3900 1150

[OBSTACLE]
3900 1790
4175.77 1675.77
4290 1400
4175.77 1124.23
3900 1010
3900 1400
3510 1400
3624.23 1675.77

[OBSTACLE]
3900 2040
4270.91 1770.52
4129.24 1334.48
3670.76 1334.48
3529.09 1770.52

[OBSTACLE]
3900 2290
4175.77 2175.77
3900 1900
4175.77 1624.23
3900 1510
3624.23 1624.23
3510 1900
3624.23 2175.77

[OBSTACLE]
2100 4000
4000 4000
4000 2100
2100 2100

[OBSTACLE]
2400 2790
2737.75 2595
2737.75 2205
2400 2400
2062.25 2205
2062.25 2595

[OBSTACLE]
2400 3040
2629.24 2965.52
2770.91 2770.52
2770.91 2529.48
2629.24 2334.48
2400 2260
2400 2650
2029.09 2529.48
2029.09 2770.52
2170.76 2965.52

[OBSTACLE]
2400 3290
2770.91 3020.52
2629.24 2584.48
2170.76 2584.48
2029.09 3020.52

[OBSTACLE]
2400 3540
2737.75 3345
2737.75 2955
2400 2760
2400 3150
2062.25 3345

[OBSTACLE]
2400 3400
2704.91 3643.16
2780.22 3313.22
2569.22 3048.62
2230.78 3048.62
2019.78 3313.22
2095.09 3643.16

[OBSTACLE]
2400 4040
2629.24 3965.52
2770.91 3770.52
2770.91 3529.48
2629.24 3334.48
2400 3260
2170.76 3334.48
2029.09 3529.48
2400 3650
2170.76 3965.52

[OBSTACLE]
2400 4290
2770.91 4020.52
2629.24 3584.48
2170.76 3584.48
2029.09 4020.52

[OBSTACLE]
2650 2790
3020.91 2520.52
2879.24 2084.48
2420.76 2084.48
2279.09 2520.52

[OBSTACLE]
2650 3040
2925.77 2925.77
3040 2650
2650 2650
2650 2260
2374.23 2374.23
2260 2650
2374.23 2925.77

[OBSTACLE]
2650 3290
2954.91 3143.16
3030.22 2813.22
2819.22 2548.62
2480.78 2548.62
2269.78 2813.22
2345.09 3143.16

[OBSTACLE]
2650 3540
2879.24 3465.52
3020.91 3270.52
3020.91 3029.48
2879.24 2834.48
2650 3150
2420.76 2834.48
2279.09 3029.48
2279.09 3270.52
2420.76 3465.52

[OBSTACLE]
2650 3790
2879.24 3715.52
3020.91 3520.52
3020.91 3279.48
2879.24 3084.48
2650 3010
2650 3400
2279.09 3279.48
2279.09 3520.52
2420.76 3715.52

[OBSTACLE]
2650 4040
2650 3650
2879.24 3334.48
2420.76 3334.48
2279.09 3770.52

[OBSTACLE]
2650 4290
2879.24 4215.52
3020.91 4020.52
3020.91 3779.48
2879.24 3584.48
2650 3510
2420.76 3584.48
2650 3900
2279.09 4020.52
2420.76 4215.52

[OBSTACLE]
2900 2790
3237.75 2595
3237.75 2205
2900 2010
2562.25 2205
2562.25 2595

[OBSTACLE]
2900 3040
3175.77 2925.77
3290 2650
3175.77 2374.23
2900 2260
2624.23 2374.23
2510 2650
2900 2650

[OBSTACLE]
2900 3290
3150.69 3198.76
3284.08 2967.72
3237.75 2705
3033.39 2533.52
2766.61 2533.52
2562.25 2705
2900 2900
2649.31 3198.76

[OBSTACLE]
2900 3540
3204.91 3393.16
3280.22 3063.22
3069.21 2798.62
2730.78 2798.62
2519.78 3063.22
2900 3150

[OBSTACLE]
2900 3790
3270.91 3520.52
3129.24 3084.48
2900 3400
2529.09 3520.52

[OBSTACLE]
2900 3650
3270.91 3770.52
3129.24 3334.48
2670.76 3334.48
2529.09 3770.52

[OBSTACLE]
2900 4290
3204.91 4143.16
3280.22 3813.22
2900 3900
2730.78 3548.62
2519.78 3813.22
2595.09 4143.16

[OBSTACLE]
3150 2790
3379.24 2715.52
3520.91 2520.52
3520.91 2279.48
3379.24 2084.48
3150 2010
2920.76 2084.48
3150 2400
2779.09 2520.52
2920.76 2715.52

[OBSTACLE]
3150 3040
3379.24 2965.52
3150 2650
3520.91 2529.48
3379.24 2334.48
3150 2260
2920.76 2334.48
2779.09 2529.48
2779.09 2770.52
2920.76 2965.52

[OBSTACLE]
3150 2900
3454.91 3143.16
3530.22 2813.22
3319.21 2548.62
2980.78 2548.62
2769.78 2813.22
2845.09 3143.16

[OBSTACLE]
3150 3540
3400.69 3448.76
3534.08 3217.72
3487.75 2955
3150 3150
3016.61 2783.52
2812.25 2955
2765.93 3217.72
2899.31 3448.76

[OBSTACLE]
3150 3790
3487.75 3595
3487.75 3205
3150 3010
2812.25 3205
2812.25 3595

[OBSTACLE]
3150 4040
3520.91 3770.52
3150 3650
2920.76 3334.48
2779.09 3770.52

[OBSTACLE]
3150 4290
3454.91 4143.16
3150 3900
3319.21 3548.62
2980.78 3548.62
2769.78 3813.22
2845.09 4143.16

[OBSTACLE]
3400 2400
3737.75 2595
3737.75 2205
3400 2010
3062.25 2205
3062.25 2595

[OBSTACLE]
3400 3040
3770.91 2770.52
3629.24 2334.48
3400 2650
3029.09 2770.52

[OBSTACLE]
3400 3290
3704.91 3143.16
3780.22 2813.22
3569.21 2548.62
3400 2900
3019.78 2813.22
3095.09 3143.16

[OBSTACLE]
3400 3540
3629.24 3465.52
3400 3150
3770.91 3029.48
3629.24 2834.48
3400 2760
3170.76 2834.48
3029.09 3029.48
3029.09 3270.52
3170.76 3465.52

[OBSTACLE]
3400 3400
3650.69 3698.76
3784.08 3467.72
3737.75 3205
3533.39 3033.52
3266.61 3033.52
3062.25 3205
3015.92 3467.72
3149.31 3698.76

[OBSTACLE]
3400 4040
3650.69 3948.76
3784.08 3717.72
3737.75 3455
3400 3650
3266.61 3283.52
3062.25 3455
3015.92 3717.72
3149.31 3948.76

[OBSTACLE]
3400 4290
3650.69 4198.76
3784.08 3967.72
3737.75 3705
3400 3900
3266.61 3533.52
3062.25 3705
3015.92 3967.72
3149.31 4198.76

[OBSTACLE]
3650 2790
3987.75 2595
3987.75 2205
3650 2010
3312.25 2205
3650 2400

[OBSTACLE]
3650 3040
4020.91 2770.52
3650 2650
3420.76 2334.48
3279.09 2770.52

[OBSTACLE]
3650 3290
4020.91 3020.52
3879.24 2584.48
3420.76 2584.48
3279.09 3020.52

[OBSTACLE]
3650 3540
4020.91 3270.52
3650 3150
3420.76 2834.48
3279.09 3270.52

[OBSTACLE]
3650 3790
3954.91 3643.16
4030.22 3313.22
3819.21 3048.62
3480.79 3048.62
3269.78 3313.22
3345.09 3643.16

[OBSTACLE]
3650 3650
3879.24 3965.52
4020.91 3770.52
4020.91 3529.48
3879.24 3334.48
3650 3260
3420.76 3334.48
3279.09 3529.48
3279.09 3770.52
3420.76 3965.52

[OBSTACLE]
3650 4290
3987.75 4095
3650 3900
3650 3510
3312.25 3705
3312.25 4095

[OBSTACLE]
3900 2790
4204.91 2643.16
4280.22 2313.22
4069.21 2048.62
3730.79 2048.62
3519.78 2313.22
3900 2400

[OBSTACLE]
3900 3040
4237.75 2845
4237.75 2455
3900 2260
3562.25 2455
3900 2650

[OBSTACLE]
3900 3290
4204.91 3143.16
4280.22 2813.22
4069.21 2548.62
3900 2900
3519.78 2813.22
3595.09 3143.16

[OBSTACLE]
3900 3540
4204.91 3393.16
4280.22 3063.22
4069.21 2798.62
3730.79 2798.62
3519.78 3063.22
3900 3150

[OBSTACLE]
3900 3790
4175.77 3675.77
4290 3400
4175.77 3124.23
3900 3010
3900 3400
3510 3400
3624.23 3675.77

[OBSTACLE]
3900 4040
4270.91 3770.52
4129.24 3334.48
3670.76 3334.48
3529.09 3770.52

[OBSTACLE]
3900 4290
4175.77 4175.77
3900 3900
4175.77 3624.23
3900 3510
3624.23 3624.23
3510 3900
3624.23 4175.77

