[SCALE]
1

[BORDER]
0 0
2000 0
2000 2000
0 2000

[OBSTACLE]
100 195
155.84 176.857
190.35 129.357
190.35 70.6434
155.84 23.1434
100 5
44.1604 23.1434
9.64963 70.6434
9.64963 129.357
44.1604 176.857

[OBSTACLE]
100 395
155.84 376.857
190.35 329.357
190.35 270.643
155.84 223.143
100 205
44.1604 223.143
9.64963 270.643
9.64963 329.357
44.1604 376.857

[OBSTACLE]
100 595
155.84 576.857
190.35 529.357
190.35 470.643
155.84 423.143
100 405
44.1604 423.143
9.64963 470.643
9.64963 529.357
44.1604 576.857

[OBSTACLE]
100 795
155.84 776.857
190.35 729.357
190.35 670.643
155.84 623.143
100 605
44.1604 623.143
9.64963 670.643
9.64963 729.357
44.1604 776.857

[OBSTACLE]
100 995
155.84 976.857
190.35 929.357
190.35 870.643
155.84 823.143
100 805
44.1604 823.143
9.64963 870.643
9.64963 929.357
44.1604 976.857

[OBSTACLE]
300 195
355.84 176.857
390.35 129.357
390.35 70.6434
355.84 23.1434
300 5
244.16 23.1434
209.65 70.6434
209.65 129.357
244.16 176.857

[OBSTACLE]
300 395
355.84 376.857
390.35 329.357
390.35 270.643
355.84 223.143
300 205
244.16 223.143
209.65 270.643
209.65 329.357
244.16 376.857

[OBSTACLE]
300 595
355.84 576.857
390.35 529.357
390.35 470.643
355.84 423.143
300 405
244.16 423.143
209.65 470.643
209.65 529.357
244.16 576.857

[OBSTACLE]
300 795
355.84 776.857
390.35 729.357
390.35 670.643
355.84 623.143
300 605
244.16 623.143
209.65 670.643
209.65 729.357
244.16 776.857

[OBSTACLE]
300 995
355.84 976.857
390.35 929.357
390.35 870.643
355.84 823.143
300 805
244.16 823.143
209.65 870.643
209.65 929.357
244.16 976.857

[OBSTACLE]
500 195
555.84 176.857
590.35 129.357
590.35 70.6434
555.84 23.1434
500 5
444.16 23.1434
409.65 70.6434
409.65 129.357
444.16 176.857

[OBSTACLE]
500 395
555.84 376.857
590.35 329.357
590.35 270.643
555.84 223.143
500 205
444.16 223.143
409.65 270.643
409.65 329.357
444.16 376.857

[OBSTACLE]
500 595
555.84 576.857
590.35 529.357
590.35 470.643
555.84 423.143
500 405
444.16 423.143
409.65 470.643
409.65 529.357
444.16 576.857

[OBSTACLE]
500 795
555.84 776.857
590.35 729.357
590.35 670.643
555.84 623.143
500 605
444.16 623.143
409.65 670.643
409.65 729.357
444.16 776.857

[OBSTACLE]
500 995
555.84 976.857
590.35 929.357
590.35 870.643
555.84 823.143
500 805
444.16 823.143
409.65 870.643
409.65 929.357
444.16 976.857

[OBSTACLE]
700 195
755.84 176.857
790.35 129.357
790.35 70.6434
755.84 23.1434
700 5
644.16 23.1434
609.65 70.6434
609.65 129.357
644.16 176.857

[OBSTACLE]
700 395
755.84 376.857
790.35 329.357
790.35 270.643
755.84 223.143
700 205
644.16 223.143
609.65 270.643
609.65 329.357
644.16 376.857

[OBSTACLE]
700 595
755.84 576.857
790.35 529.357
790.35 470.643
755.84 423.143
700 405
644.16 423.143
609.65 470.643
609.65 529.357
644.16 576.857

[OBSTACLE]
700 795
755.84 776.857
790.35 729.357
790.35 670.643
755.84 623.143
700 605
644.16 623.143
609.65 670.643
609.65 729.357
644.16 776.857

[OBSTACLE]
700 995
755.84 976.857
790.35 929.357
790.35 870.643
755.84 823.143
700 805
644.16 823.143
609.65 870.643
609.65 929.357
644.16 976.857

[OBSTACLE]
900 195
955.84 176.857
990.35 129.357
990.35 70.6434
955.84 23.1434
900 5
844.16 23.1434
809.65 70.6434
809.65 129.357
844.16 176.857

[OBSTACLE]
900 395
955.84 376.857
990.35 329.357
990.35 270.643
955.84 223.143
900 205
844.16 223.143
809.65 270.643
809.65 329.357
844.16 376.857

[OBSTACLE]
900 595
955.84 576.857
990.35 529.357
990.35 470.643
955.84 423.143
900 405
844.16 423.143
809.65 470.643
809.65 529.357
844.16 576.857

[OBSTACLE]
900 795
955.84 776.857
990.35 729.357
990.35 670.643
955.84 623.143
900 605
844.16 623.143
809.65 670.643
809.65 729.357
844.16 776.857

[OBSTACLE]
900 995
955.84 976.857
990.35 929.357
990.35 870.643
955.84 823.143
900 805
844.16 823.143
809.65 870.643
809.65 929.357
844.16 976.857

[OBSTACLE]
1100 195
1155.84 176.857
1190.35 129.357
1190.35 70.6434
1155.84 23.1434
1100 5
1044.16 23.1434
1009.65 70.6434
1009.65 129.357
1044.16 176.857

[OBSTACLE]
1100 395
1155.84 376.857
1190.35 329.357
1190.35 270.643
1155.84 223.143
1100 205
1044.16 223.143
1009.65 270.643
1009.65 329.357
1044.16 376.857

[OBSTACLE]
1100 595
1155.84 576.857
1190.35 529.357
1190.35 470.643
1155.84 423.143
1100 405
1044.16 423.143
1009.65 470.643
1009.65 529.357
1044.16 576.857

[OBSTACLE]
1100 795
1155.84 776.857
1190.35 729.357
1190.35 670.643
1155.84 623.143
1100 605
1044.16 623.143
1009.65 670.643
1009.65 729.357
1044.16 776.857

[OBSTACLE]
1100 995
1155.84 976.857
1190.35 929.357
1190.35 870.643
1155.84 823.143
1100 805
1044.16 823.143
1009.65 870.643
1009.65 929.357
1044.16 976.857

[OBSTACLE]
1300 195
1355.84 176.857
1390.35 129.357
1390.35 70.6434
1355.84 23.1434
1300 5
1244.16 23.1434
1209.65 70.6434
1209.65 129.357
1244.16 176.857

[OBSTACLE]
1300 395
1355.84 376.857
1390.35 329.357
1390.35 270.643
1355.84 223.143
1300 205
1244.16 223.143
1209.65 270.643
1209.65 329.357
1244.16 376.857

[OBSTACLE]
1300 595
1355.84 576.857
1390.35 529.357
1390.35 470.643
1355.84 423.143
1300 405
1244.16 423.143
1209.65 470.643
1209.65 529.357
1244.16 576.857

[OBSTACLE]
1300 795
1355.84 776.857
1390.35 729.357
1390.35 670.643
1355.84 623.143
1300 605
1244.16 623.143
1209.65 670.643
1209.65 729.357
1244.16 776.857

[OBSTACLE]
1300 995
1355.84 976.857
1390.35 929.357
1390.35 870.643
1355.84 823.143
1300 805
1244.16 823.143
1209.65 870.643
1209.65 929.357
1244.16 976.857

[OBSTACLE]
1500 195
1555.84 176.857
1590.35 129.357
1590.35 70.6434
1555.84 23.1434
1500 5
1444.16 23.1434
1409.65 70.6434
1409.65 129.357
1444.16 176.857

[OBSTACLE]
1500 395
1555.84 376.857
1590.35 329.357
1590.35 270.643
1555.84 223.143
1500 205
1444.16 223.143
1409.65 270.643
1409.65 329.357
1444.16 376.857

[OBSTACLE]
1500 595
1555.84 576.857
1590.35 529.357
1590.35 470.643
1555.84 423.143
1500 405
1444.16 423.143
1409.65 470.643
1409.65 529.357
1444.16 576.857

[OBSTACLE]
1500 795
1555.84 776.857
1590.35 729.357
1590.35 670.643
1555.84 623.143
1500 605
1444.16 623.143
1409.65 670.643
1409.65 729.357
1444.16 776.857

[OBSTACLE]
1500 995
1555.84 976.857
1590.35 929.357
1590.35 870.643
1555.84 823.143
1500 805
1444.16 823.143
1409.65 870.643
1409.65 929.357
1444.16 976.857

[OBSTACLE]
1700 195
1755.84 176.857
1790.35 129.357
1790.35 70.6434
1755.84 23.1434
1700 5
1644.16 23.1434
1609.65 70.6434
1609.65 129.357
1644.16 176.857

[OBSTACLE]
1700 395
1755.84 376.857
1790.35 329.357
1790.35 270.643
1755.84 223.143
1700 205
1644.16 223.143
1609.65 270.643
1609.65 329.357
1644.16 376.857

[OBSTACLE]
1700 595
1755.84 576.857
1790.35 529.357
1790.35 470.643
1755.84 423.143
1700 405
1644.16 423.143
1609.65 470.643
1609.65 529.357
1644.16 576.857

[OBSTACLE]
1700 795
1755.84 776.857
1790.35 729.357
1790.35 670.643
1755.84 623.143
1700 605
1644.16 623.143
1609.65 670.643
1609.65 729.357
1644.16 776.857

[OBSTACLE]
1700 995
1755.84 976.857
1790.35 929.357
1790.35 870.643
1755.84 823.143
1700 805
1644.16 823.143
1609.65 870.643
1609.65 929.357
1644.16 976.857

[OBSTACLE]
1900 195
1955.84 176.857
1990.35 129.357
1990.35 70.6434
1955.84 23.1434
1900 5
1844.16 23.1434
1809.65 70.6434
1809.65 129.357
1844.16 176.857

[OBSTACLE]
1900 395
1955.84 376.857
1990.35 329.357
1990.35 270.643
1955.84 223.143
1900 205
1844.16 223.143
1809.65 270.643
1809.65 329.357
1844.16 376.857

[OBSTACLE]
1900 595
1955.84 576.857
1990.35 529.357
1990.35 470.643
1955.84 423.143
1900 405
1844.16 423.143
1809.65 470.643
1809.65 529.357
1844.16 576.857

[OBSTACLE]
1900 795
1955.84 776.857
1990.35 729.357
1990.35 670.643
1955.84 623.143
1900 605
1844.16 623.143
1809.65 670.643
1809.65 729.357
1844.16 776.857

[OBSTACLE]
1900 995
1955.84 976.857
1990.35 929.357
1990.35 870.643
1955.84 823.143
1900 805
1844.16 823.143
1809.65 870.643
1809.65 929.357
1844.16 976.857

