[SCALE]
1

[BORDER]
0 0
2000 0
2000 2000
0 2000

[OBSTACLE]
100 195
182.272 52.5
17.7276 52.5

[OBSTACLE]
100 395
182.272 252.5
17.7276 252.5

[OBSTACLE]
100 595
182.272 452.5
17.7276 452.5

[OBSTACLE]
100 795
182.272 652.5
17.7276 652.5

[OBSTACLE]
100 995
182.272 852.5
17.7276 852.5

[OBSTACLE]
300 195
382.272 52.5
217.728 52.5

[OBSTACLE]
300 395
382.272 252.5
217.728 252.5

[OBSTACLE]
300 595
382.272 452.5
217.728 452.5

[OBSTACLE]
300 795
382.272 652.5
217.728 652.5

[OBSTACLE]
300 995
382.272 852.5
217.728 852.5

[OBSTACLE]
500 195
582.272 52.5
417.728 52.5

[OBSTACLE]
500 395
582.272 252.5
417.728 252.5

[OBSTACLE]
500 595
582.272 452.5
417.728 452.5

[OBSTACLE]
500 795
582.272 652.5
417.728 652.5

[OBSTACLE]
500 995
582.272 852.5
417.728 852.5

[OBSTACLE]
700 195
782.272 52.5
617.728 52.5

[OBSTACLE]
700 395
782.272 252.5
617.728 252.5

[OBSTACLE]
700 595
782.272 452.5
617.728 452.5

[OBSTACLE]
700 795
782.272 652.5
617.728 652.5

[OBSTACLE]
700 995
782.272 852.5
617.728 852.5

[OBSTACLE]
900 195
982.272 52.5
817.728 52.5

[OBSTACLE]
900 395
982.272 252.5
817.728 252.5

[OBSTACLE]
900 595
982.272 452.5
817.728 452.5

[OBSTACLE]
900 795
982.272 652.5
817.728 652.5

[OBSTACLE]
900 995
982.272 852.5
817.728 852.5

[OBSTACLE]
1100 195
1182.27 52.5
1017.73 52.5

[OBSTACLE]
1100 395
1182.27 252.5
1017.73 252.5

[OBSTACLE]
1100 595
1182.27 452.5
1017.73 452.5

[OBSTACLE]
1100 795
1182.27 652.5
1017.73 652.5

[OBSTACLE]
1100 995
1182.27 852.5
1017.73 852.5

[OBSTACLE]
1300 195
1382.27 52.5
1217.73 52.5

[OBSTACLE]
1300 395
1382.27 252.5
1217.73 252.5

[OBSTACLE]
1300 595
1382.27 452.5
1217.73 452.5

[OBSTACLE]
1300 795
1382.27 652.5
1217.73 652.5

[OBSTACLE]
1300 995
1382.27 852.5
1217.73 852.5

[OBSTACLE]
1500 195
1582.27 52.5
1417.73 52.5

[OBSTACLE]
1500 395
1582.27 252.5
1417.73 252.5

[OBSTACLE]
1500 595
1582.27 452.5
1417.73 452.5

[OBSTACLE]
1500 795
1582.27 652.5
1417.73 652.5

[OBSTACLE]
1500 995
1582.27 852.5
1417.73 852.5

[OBSTACLE]
1700 195
1782.27 52.5
1617.73 52.5

[OBSTACLE]
1700 395
1782.27 252.5
1617.73 252.5

[OBSTACLE]
1700 595
1782.27 452.5
1617.73 452.5

[OBSTACLE]
1700 795
1782.27 652.5
1617.73 652.5

[OBSTACLE]
1700 995
1782.27 852.5
1617.73 852.5

[OBSTACLE]
1900 195
1982.27 52.5
1817.73 52.5

[OBSTACLE]
1900 395
1982.27 252.5
1817.73 252.5

[OBSTACLE]
1900 595
1982.27 452.5
1817.73 452.5

[OBSTACLE]
1900 795
1982.27 652.5
1817.73 652.5

[OBSTACLE]
1900 995
1982.27 852.5
1817.73 852.5

