[SCALE]
1

[BORDER]
0 0
2000 0
2000 2000
0 2000

[OBSTACLE]
100 195
195 100
100 5
5 100

[OBSTACLE]
100 395
195 300
100 205
5 300

[OBSTACLE]
100 595
195 500
100 405
5 500

[OBSTACLE]
100 795
195 700
100 605
5 700

[OBSTACLE]
100 995
195 900
100 805
5 900

[OBSTACLE]
300 195
395 100
300 5
205 100

[OBSTACLE]
300 395
395 300
300 205
205 300

[OBSTACLE]
300 595
395 500
300 405
205 500

[OBSTACLE]
300 795
395 700
300 605
205 700

[OBSTACLE]
300 995
395 900
300 805
205 900

[OBSTACLE]
500 195
595 100
500 5
405 100

[OBSTACLE]
500 395
595 300
500 205
405 300

[OBSTACLE]
500 595
595 500
500 405
405 500

[OBSTACLE]
500 795
595 700
500 605
405 700

[OBSTACLE]
500 995
595 900
500 805
405 900

[OBSTACLE]
700 195
795 100
700 5
605 100

[OBSTACLE]
700 395
795 300
700 205
605 300

[OBSTACLE]
700 595
795 500
700 405
605 500

[OBSTACLE]
700 795
795 700
700 605
605 700

[OBSTACLE]
700 995
795 900
700 805
605 900

[OBSTACLE]
900 195
995 100
900 5
805 100

[OBSTACLE]
900 395
995 300
900 205
805 300

[OBSTACLE]
900 595
995 500
900 405
805 500

[OBSTACLE]
900 795
995 700
900 605
805 700

[OBSTACLE]
900 995
995 900
900 805
805 900

[OBSTACLE]
1100 195
1195 100
1100 5
1005 100

[OBSTACLE]
1100 395
1195 300
1100 205
1005 300

[OBSTACLE]
1100 595
1195 500
1100 405
1005 500

[OBSTACLE]
1100 795
1195 700
1100 605
1005 700

[OBSTACLE]
1100 995
1195 900
1100 805
1005 900

[OBSTACLE]
1300 195
1395 100
1300 5
1205 100

[OBSTACLE]
1300 395
1395 300
1300 205
1205 300

[OBSTACLE]
1300 595
1395 500
1300 405
1205 500

[OBSTACLE]
1300 795
1395 700
1300 605
1205 700

[OBSTACLE]
1300 995
1395 900
1300 805
1205 900

[OBSTACLE]
1500 195
1595 100
1500 5
1405 100

[OBSTACLE]
1500 395
1595 300
1500 205
1405 300

[OBSTACLE]
1500 595
1595 500
1500 405
1405 500

[OBSTACLE]
1500 795
1595 700
1500 605
1405 700

[OBSTACLE]
1500 995
1595 900
1500 805
1405 900

[OBSTACLE]
1700 195
1795 100
1700 5
1605 100

[OBSTACLE]
1700 395
1795 300
1700 205
1605 300

[OBSTACLE]
1700 595
1795 500
1700 405
1605 500

[OBSTACLE]
1700 795
1795 700
1700 605
1605 700

[OBSTACLE]
1700 995
1795 900
1700 805
1605 900

[OBSTACLE]
1900 195
1995 100
1900 5
1805 100

[OBSTACLE]
1900 395
1995 300
1900 205
1805 300

[OBSTACLE]
1900 595
1995 500
1900 405
1805 500

[OBSTACLE]
1900 795
1995 700
1900 605
1805 700

[OBSTACLE]
1900 995
1995 900
1900 805
1805 900

