[SCALE]
1

[BORDER]
0 0
2000 0
2000 2000
0 2000

[OBSTACLE]
100 195
190.35 129.357
155.84 23.1434
44.1604 23.1434
9.64963 129.357

[OBSTACLE]
100 395
190.35 329.357
155.84 223.143
44.1604 223.143
9.64963 329.357

[OBSTACLE]
100 595
190.35 529.357
155.84 423.143
44.1604 423.143
9.64963 529.357

[OBSTACLE]
100 795
190.35 729.357
155.84 623.143
44.1604 623.143
9.64963 729.357

[OBSTACLE]
100 995
190.35 929.357
155.84 823.143
44.1604 823.143
9.64963 929.357

[OBSTACLE]
300 195
390.35 129.357
355.84 23.1434
244.16 23.1434
209.65 129.357

[OBSTACLE]
300 395
390.35 329.357
355.84 223.143
244.16 223.143
209.65 329.357

[OBSTACLE]
300 595
390.35 529.357
355.84 423.143
244.16 423.143
209.65 529.357

[OBSTACLE]
300 795
390.35 729.357
355.84 623.143
244.16 623.143
209.65 729.357

[OBSTACLE]
300 995
390.35 929.357
355.84 823.143
244.16 823.143
209.65 929.357

[OBSTACLE]
500 195
590.35 129.357
555.84 23.1434
444.16 23.1434
409.65 129.357

[OBSTACLE]
500 395
590.35 329.357
555.84 223.143
444.16 223.143
409.65 329.357

[OBSTACLE]
500 595
590.35 529.357
555.84 423.143
444.16 423.143
409.65 529.357

[OBSTACLE]
500 795
590.35 729.357
555.84 623.143
444.16 623.143
409.65 729.357

[OBSTACLE]
500 995
590.35 929.357
555.84 823.143
444.16 823.143
409.65 929.357

[OBSTACLE]
700 195
790.35 129.357
755.84 23.1434
644.16 23.1434
609.65 129.357

[OBSTACLE]
700 395
790.35 329.357
755.84 223.143
644.16 223.143
609.65 329.357

[OBSTACLE]
700 595
790.35 529.357
755.84 423.143
644.16 423.143
609.65 529.357

[OBSTACLE]
700 795
790.35 729.357
755.84 623.143
644.16 623.143
609.65 729.357

[OBSTACLE]
700 995
790.35 929.357
755.84 823.143
644.16 823.143
609.65 929.357

[OBSTACLE]
900 195
990.35 129.357
955.84 23.1434
844.16 23.1434
809.65 129.357

[OBSTACLE]
900 395
990.35 329.357
955.84 223.143
844.16 223.143
809.65 329.357

[OBSTACLE]
900 595
990.35 529.357
955.84 423.143
844.16 423.143
809.65 529.357

[OBSTACLE]
900 795
990.35 729.357
955.84 623.143
844.16 623.143
809.65 729.357

[OBSTACLE]
900 995
990.35 929.357
955.84 823.143
844.16 823.143
809.65 929.357

[OBSTACLE]
1100 195
1190.35 129.357
1155.84 23.1434
1044.16 23.1434
1009.65 129.357

[OBSTACLE]
1100 395
1190.35 329.357
1155.84 223.143
1044.16 223.143
1009.65 329.357

[OBSTACLE]
1100 595
1190.35 529.357
1155.84 423.143
1044.16 423.143
1009.65 529.357

[OBSTACLE]
1100 795
1190.35 729.357
1155.84 623.143
1044.16 623.143
1009.65 729.357

[OBSTACLE]
1100 995
1190.35 929.357
1155.84 823.143
1044.16 823.143
1009.65 929.357

[OBSTACLE]
1300 195
1390.35 129.357
1355.84 23.1434
1244.16 23.1434
1209.65 129.357

[OBSTACLE]
1300 395
1390.35 329.357
1355.84 223.143
1244.16 223.143
1209.65 329.357

[OBSTACLE]
1300 595
1390.35 529.357
1355.84 423.143
1244.16 423.143
1209.65 529.357

[OBSTACLE]
1300 795
1390.35 729.357
1355.84 623.143
1244.16 623.143
1209.65 729.357

[OBSTACLE]
1300 995
1390.35 929.357
1355.84 823.143
1244.16 823.143
1209.65 929.357

[OBSTACLE]
1500 195
1590.35 129.357
1555.84 23.1434
1444.16 23.1434
1409.65 129.357

[OBSTACLE]
1500 395
1590.35 329.357
1555.84 223.143
1444.16 223.143
1409.65 329.357

[OBSTACLE]
1500 595
1590.35 529.357
1555.84 423.143
1444.16 423.143
1409.65 529.357

[OBSTACLE]
1500 795
1590.35 729.357
1555.84 623.143
1444.16 623.143
1409.65 729.357

[OBSTACLE]
1500 995
1590.35 929.357
1555.84 823.143
1444.16 823.143
1409.65 929.357

[OBSTACLE]
1700 195
1790.35 129.357
1755.84 23.1434
1644.16 23.1434
1609.65 129.357

[OBSTACLE]
1700 395
1790.35 329.357
1755.84 223.143
1644.16 223.143
1609.65 329.357

[OBSTACLE]
1700 595
1790.35 529.357
1755.84 423.143
1644.16 423.143
1609.65 529.357

[OBSTACLE]
1700 795
1790.35 729.357
1755.84 623.143
1644.16 623.143
1609.65 729.357

[OBSTACLE]
1700 995
1790.35 929.357
1755.84 823.143
1644.16 823.143
1609.65 929.357

[OBSTACLE]
1900 195
1990.35 129.357
1955.84 23.1434
1844.16 23.1434
1809.65 129.357

[OBSTACLE]
1900 395
1990.35 329.357
1955.84 223.143
1844.16 223.143
1809.65 329.357

[OBSTACLE]
1900 595
1990.35 529.357
1955.84 423.143
1844.16 423.143
1809.65 529.357

[OBSTACLE]
1900 795
1990.35 729.357
1955.84 623.143
1844.16 623.143
1809.65 729.357

[OBSTACLE]
1900 995
1990.35 929.357
1955.84 823.143
1844.16 823.143
1809.65 929.357

