[SCALE]
1

[BORDER]
0 0
2000 0
2000 2000
0 2000

[OBSTACLE]
100 195
182.272 147.5
182.272 52.5
100 5
17.7276 52.5
17.7276 147.5

[OBSTACLE]
100 395
182.272 347.5
182.272 252.5
100 205
17.7276 252.5
17.7276 347.5

[OBSTACLE]
100 595
182.272 547.5
182.272 452.5
100 405
17.7276 452.5
17.7276 547.5

[OBSTACLE]
100 795
182.272 747.5
182.272 652.5
100 605
17.7276 652.5
17.7276 747.5

[OBSTACLE]
100 995
182.272 947.5
182.272 852.5
100 805
17.7276 852.5
17.7276 947.5

[OBSTACLE]
300 195
382.272 147.5
382.272 52.5
300 5
217.728 52.5
217.728 147.5

[OBSTACLE]
300 395
382.272 347.5
382.272 252.5
300 205
217.728 252.5
217.728 347.5

[OBSTACLE]
300 595
382.272 547.5
382.272 452.5
300 405
217.728 452.5
217.728 547.5

[OBSTACLE]
300 795
382.272 747.5
382.272 652.5
300 605
217.728 652.5
217.728 747.5

[OBSTACLE]
300 995
382.272 947.5
382.272 852.5
300 805
217.728 852.5
217.728 947.5

[OBSTACLE]
500 195
582.272 147.5
582.272 52.5
500 5
417.728 52.5
417.728 147.5

[OBSTACLE]
500 395
582.272 347.5
582.272 252.5
500 205
417.728 252.5
417.728 347.5

[OBSTACLE]
500 595
582.272 547.5
582.272 452.5
500 405
417.728 452.5
417.728 547.5

[OBSTACLE]
500 795
582.272 747.5
582.272 652.5
500 605
417.728 652.5
417.728 747.5

[OBSTACLE]
500 995
582.272 947.5
582.272 852.5
500 805
417.728 852.5
417.728 947.5

[OBSTACLE]
700 195
782.272 147.5
782.272 52.5
700 5
617.728 52.5
617.728 147.5

[OBSTACLE]
700 395
782.272 347.5
782.272 252.5
700 205
617.728 252.5
617.728 347.5

[OBSTACLE]
700 595
782.272 547.5
782.272 452.5
700 405
617.728 452.5
617.728 547.5

[OBSTACLE]
700 795
782.272 747.5
782.272 652.5
700 605
617.728 652.5
617.728 747.5

[OBSTACLE]
700 995
782.272 947.5
782.272 852.5
700 805
617.728 852.5
617.728 947.5

[OBSTACLE]
900 195
982.272 147.5
982.272 52.5
900 5
817.728 52.5
817.728 147.5

[OBSTACLE]
900 395
982.272 347.5
982.272 252.5
900 205
817.728 252.5
817.728 347.5

[OBSTACLE]
900 595
982.272 547.5
982.272 452.5
900 405
817.728 452.5
817.728 547.5

[OBSTACLE]
900 795
982.272 747.5
982.272 652.5
900 605
817.728 652.5
817.728 747.5

[OBSTACLE]
900 995
982.272 947.5
982.272 852.5
900 805
817.728 852.5
817.728 947.5

[OBSTACLE]
1100 195
1182.27 147.5
1182.27 52.5
1100 5
1017.73 52.5
1017.73 147.5

[OBSTACLE]
1100 395
1182.27 347.5
1182.27 252.5
1100 205
1017.73 252.5
1017.73 347.5

[OBSTACLE]
1100 595
1182.27 547.5
1182.27 452.5
1100 405
1017.73 452.5
1017.73 547.5

[OBSTACLE]
1100 795
1182.27 747.5
1182.27 652.5
1100 605
1017.73 652.5
1017.73 747.5

[OBSTACLE]
1100 995
1182.27 947.5
1182.27 852.5
1100 805
1017.73 852.5
1017.73 947.5

[OBSTACLE]
1300 195
1382.27 147.5
1382.27 52.5
1300 5
1217.73 52.5
1217.73 147.5

[OBSTACLE]
1300 395
1382.27 347.5
1382.27 252.5
1300 205
1217.73 252.5
1217.73 347.5

[OBSTACLE]
1300 595
1382.27 547.5
1382.27 452.5
1300 405
1217.73 452.5
1217.73 547.5

[OBSTACLE]
1300 795
1382.27 747.5
1382.27 652.5
1300 605
1217.73 652.5
1217.73 747.5

[OBSTACLE]
1300 995
1382.27 947.5
1382.27 852.5
1300 805
1217.73 852.5
1217.73 947.5

[OBSTACLE]
1500 195
1582.27 147.5
1582.27 52.5
1500 5
1417.73 52.5
1417.73 147.5

[OBSTACLE]
1500 395
1582.27 347.5
1582.27 252.5
1500 205
1417.73 252.5
1417.73 347.5

[OBSTACLE]
1500 595
1582.27 547.5
1582.27 452.5
1500 405
1417.73 452.5
1417.73 547.5

[OBSTACLE]
1500 795
1582.27 747.5
1582.27 652.5
1500 605
1417.73 652.5
1417.73 747.5

[OBSTACLE]
1500 995
1582.27 947.5
1582.27 852.5
1500 805
1417.73 852.5
1417.73 947.5

[OBSTACLE]
1700 195
1782.27 147.5
1782.27 52.5
1700 5
1617.73 52.5
1617.73 147.5

[OBSTACLE]
1700 395
1782.27 347.5
1782.27 252.5
1700 205
1617.73 252.5
1617.73 347.5

[OBSTACLE]
1700 595
1782.27 547.5
1782.27 452.5
1700 405
1617.73 452.5
1617.73 547.5

[OBSTACLE]
1700 795
1782.27 747.5
1782.27 652.5
1700 605
1617.73 652.5
1617.73 747.5

[OBSTACLE]
1700 995
1782.27 947.5
1782.27 852.5
1700 805
1617.73 852.5
1617.73 947.5

[OBSTACLE]
1900 195
1982.27 147.5
1982.27 52.5
1900 5
1817.73 52.5
1817.73 147.5

[OBSTACLE]
1900 395
1982.27 347.5
1982.27 252.5
1900 205
1817.73 252.5
1817.73 347.5

[OBSTACLE]
1900 595
1982.27 547.5
1982.27 452.5
1900 405
1817.73 452.5
1817.73 547.5

[OBSTACLE]
1900 795
1982.27 747.5
1982.27 652.5
1900 605
1817.73 652.5
1817.73 747.5

[OBSTACLE]
1900 995
1982.27 947.5
1982.27 852.5
1900 805
1817.73 852.5
1817.73 947.5

