[SCALE]
1

[BORDER]
0 0
2000 0
2000 2000
0 2000

[OBSTACLE]
100 195
174.274 159.232
192.618 78.8605
141.219 14.408
58.781 14.408
7.38185 78.8605
25.726 159.232

[OBSTACLE]
100 395
174.274 359.232
192.618 278.861
141.219 214.408
58.781 214.408
7.38185 278.861
25.726 359.232

[OBSTACLE]
100 595
174.274 559.232
192.618 478.861
141.219 414.408
58.781 414.408
7.38185 478.861
25.726 559.232

[OBSTACLE]
100 795
174.274 759.232
192.618 678.861
141.219 614.408
58.781 614.408
7.38185 678.861
25.726 759.232

[OBSTACLE]
100 995
174.274 959.232
192.618 878.861
141.219 814.408
58.781 814.408
7.38185 878.861
25.726 959.232

[OBSTACLE]
300 195
374.274 159.232
392.618 78.8605
341.219 14.408
258.781 14.408
207.382 78.8605
225.726 159.232

[OBSTACLE]
300 395
374.274 359.232
392.618 278.861
341.219 214.408
258.781 214.408
207.382 278.861
225.726 359.232

[OBSTACLE]
300 595
374.274 559.232
392.618 478.861
341.219 414.408
258.781 414.408
207.382 478.861
225.726 559.232

[OBSTACLE]
300 795
374.274 759.232
392.618 678.861
341.219 614.408
258.781 614.408
207.382 678.861
225.726 759.232

[OBSTACLE]
300 995
374.274 959.232
392.618 878.861
341.219 814.408
258.781 814.408
207.382 878.861
225.726 959.232

[OBSTACLE]
500 195
574.274 159.232
592.618 78.8605
541.219 14.408
458.781 14.408
407.382 78.8605
425.726 159.232

[OBSTACLE]
500 395
574.274 359.232
592.618 278.861
541.219 214.408
458.781 214.408
407.382 278.861
425.726 359.232

[OBSTACLE]
500 595
574.274 559.232
592.618 478.861
541.219 414.408
458.781 414.408
407.382 478.861
425.726 559.232

[OBSTACLE]
500 795
574.274 759.232
592.618 678.861
541.219 614.408
458.781 614.408
407.382 678.861
425.726 759.232

[OBSTACLE]
500 995
574.274 959.232
592.618 878.861
541.219 814.408
458.781 814.408
407.382 878.861
425.726 959.232

[OBSTACLE]
700 195
774.274 159.232
792.618 78.8605
741.219 14.408
658.781 14.408
607.382 78.8605
625.726 159.232

[OBSTACLE]
700 395
774.274 359.232
792.618 278.861
741.219 214.408
658.781 214.408
607.382 278.861
625.726 359.232

[OBSTACLE]
700 595
774.274 559.232
792.618 478.861
741.219 414.408
658.781 414.408
607.382 478.861
625.726 559.232

[OBSTACLE]
700 795
774.274 759.232
792.618 678.861
741.219 614.408
658.781 614.408
607.382 678.861
625.726 759.232

[OBSTACLE]
700 995
774.274 959.232
792.618 878.861
741.219 814.408
658.781 814.408
607.382 878.861
625.726 959.232

[OBSTACLE]
900 195
974.274 159.232
992.618 78.8605
941.219 14.408
858.781 14.408
807.382 78.8605
825.726 159.232

[OBSTACLE]
900 395
974.274 359.232
992.618 278.861
941.219 214.408
858.781 214.408
807.382 278.861
825.726 359.232

[OBSTACLE]
900 595
974.274 559.232
992.618 478.861
941.219 414.408
858.781 414.408
807.382 478.861
825.726 559.232

[OBSTACLE]
900 795
974.274 759.232
992.618 678.861
941.219 614.408
858.781 614.408
807.382 678.861
825.726 759.232

[OBSTACLE]
900 995
974.274 959.232
992.618 878.861
941.219 814.408
858.781 814.408
807.382 878.861
825.726 959.232

[OBSTACLE]
1100 195
1174.27 159.232
1192.62 78.8605
1141.22 14.408
1058.78 14.408
1007.38 78.8605
1025.73 159.232

[OBSTACLE]
1100 395
1174.27 359.232
1192.62 278.861
1141.22 214.408
1058.78 214.408
1007.38 278.861
1025.73 359.232

[OBSTACLE]
1100 595
1174.27 559.232
1192.62 478.861
1141.22 414.408
1058.78 414.408
1007.38 478.861
1025.73 559.232

[OBSTACLE]
1100 795
1174.27 759.232
1192.62 678.861
1141.22 614.408
1058.78 614.408
1007.38 678.861
1025.73 759.232

[OBSTACLE]
1100 995
1174.27 959.232
1192.62 878.861
1141.22 814.408
1058.78 814.408
1007.38 878.861
1025.73 959.232

[OBSTACLE]
1300 195
1374.27 159.232
1392.62 78.8605
1341.22 14.408
1258.78 14.408
1207.38 78.8605
1225.73 159.232

[OBSTACLE]
1300 395
1374.27 359.232
1392.62 278.861
1341.22 214.408
1258.78 214.408
1207.38 278.861
1225.73 359.232

[OBSTACLE]
1300 595
1374.27 559.232
1392.62 478.861
1341.22 414.408
1258.78 414.408
1207.38 478.861
1225.73 559.232

[OBSTACLE]
1300 795
1374.27 759.232
1392.62 678.861
1341.22 614.408
1258.78 614.408
1207.38 678.861
1225.73 759.232

[OBSTACLE]
1300 995
1374.27 959.232
1392.62 878.861
1341.22 814.408
1258.78 814.408
1207.38 878.861
1225.73 959.232

[OBSTACLE]
1500 195
1574.27 159.232
1592.62 78.8605
1541.22 14.408
1458.78 14.408
1407.38 78.8605
1425.73 159.232

[OBSTACLE]
1500 395
1574.27 359.232
1592.62 278.861
1541.22 214.408
1458.78 214.408
1407.38 278.861
1425.73 359.232

[OBSTACLE]
1500 595
1574.27 559.232
1592.62 478.861
1541.22 414.408
1458.78 414.408
1407.38 478.861
1425.73 559.232

[OBSTACLE]
1500 795
1574.27 759.232
1592.62 678.861
1541.22 614.408
1458.78 614.408
1407.38 678.861
1425.73 759.232

[OBSTACLE]
1500 995
1574.27 959.232
1592.62 878.861
1541.22 814.408
1458.78 814.408
1407.38 878.861
1425.73 959.232

[OBSTACLE]
1700 195
1774.27 159.232
1792.62 78.8605
1741.22 14.408
1658.78 14.408
1607.38 78.8605
1625.73 159.232

[OBSTACLE]
1700 395
1774.27 359.232
1792.62 278.861
1741.22 214.408
1658.78 214.408
1607.38 278.861
1625.73 359.232

[OBSTACLE]
1700 595
1774.27 559.232
1792.62 478.861
1741.22 414.408
1658.78 414.408
1607.38 478.861
1625.73 559.232

[OBSTACLE]
1700 795
1774.27 759.232
1792.62 678.861
1741.22 614.408
1658.78 614.408
1607.38 678.861
1625.73 759.232

[OBSTACLE]
1700 995
1774.27 959.232
1792.62 878.861
1741.22 814.408
1658.78 814.408
1607.38 878.861
1625.73 959.232

[OBSTACLE]
1900 195
1974.27 159.232
1992.62 78.8605
1941.22 14.408
1858.78 14.408
1807.38 78.8605
1825.73 159.232

[OBSTACLE]
1900 395
1974.27 359.232
1992.62 278.861
1941.22 214.408
1858.78 214.408
1807.38 278.861
1825.73 359.232

[OBSTACLE]
1900 595
1974.27 559.232
1992.62 478.861
1941.22 414.408
1858.78 414.408
1807.38 478.861
1825.73 559.232

[OBSTACLE]
1900 795
1974.27 759.232
1992.62 678.861
1941.22 614.408
1858.78 614.408
1807.38 678.861
1825.73 759.232

[OBSTACLE]
1900 995
1974.27 959.232
1992.62 878.861
1941.22 814.408
1858.78 814.408
1807.38 878.861
1825.73 959.232

