[SCALE]
1

[BORDER]
0 0
2000 0
2000 2000
0 2000

[OBSTACLE]
100 195
167.175 167.175
195 100
167.175 32.8249
100 5
32.8249 32.8249
5 100
32.8249 167.175

[OBSTACLE]
100 395
167.175 367.175
195 300
167.175 232.825
100 205
32.8249 232.825
5 300
32.8249 367.175

[OBSTACLE]
100 595
167.175 567.175
195 500
167.175 432.825
100 405
32.8249 432.825
5 500
32.8249 567.175

[OBSTACLE]
100 795
167.175 767.175
195 700
167.175 632.825
100 605
32.8249 632.825
5 700
32.8249 767.175

[OBSTACLE]
100 995
167.175 967.175
195 900
167.175 832.825
100 805
32.8249 832.825
5 900
32.8249 967.175

[OBSTACLE]
300 195
367.175 167.175
395 100
367.175 32.8249
300 5
232.825 32.8249
205 100
232.825 167.175

[OBSTACLE]
300 395
367.175 367.175
395 300
367.175 232.825
300 205
232.825 232.825
205 300
232.825 367.175

[OBSTACLE]
300 595
367.175 567.175
395 500
367.175 432.825
300 405
232.825 432.825
205 500
232.825 567.175

[OBSTACLE]
300 795
367.175 767.175
395 700
367.175 632.825
300 605
232.825 632.825
205 700
232.825 767.175

[OBSTACLE]
300 995
367.175 967.175
395 900
367.175 832.825
300 805
232.825 832.825
205 900
232.825 967.175

[OBSTACLE]
500 195
567.175 167.175
595 100
567.175 32.8249
500 5
432.825 32.8249
405 100
432.825 167.175

[OBSTACLE]
500 395
567.175 367.175
595 300
567.175 232.825
500 205
432.825 232.825
405 300
432.825 367.175

[OBSTACLE]
500 595
567.175 567.175
595 500
567.175 432.825
500 405
432.825 432.825
405 500
432.825 567.175

[OBSTACLE]
500 795
567.175 767.175
595 700
567.175 632.825
500 605
432.825 632.825
405 700
432.825 767.175

[OBSTACLE]
500 995
567.175 967.175
595 900
567.175 832.825
500 805
432.825 832.825
405 900
432.825 967.175

[OBSTACLE]
700 195
767.175 167.175
795 100
767.175 32.8249
700 5
632.825 32.8249
605 100
632.825 167.175

[OBSTACLE]
700 395
767.175 367.175
795 300
767.175 232.825
700 205
632.825 232.825
605 300
632.825 367.175

[OBSTACLE]
700 595
767.175 567.175
795 500
767.175 432.825
700 405
632.825 432.825
605 500
632.825 567.175

[OBSTACLE]
700 795
767.175 767.175
795 700
767.175 632.825
700 605
632.825 632.825
605 700
632.825 767.175

[OBSTACLE]
700 995
767.175 967.175
795 900
767.175 832.825
700 805
632.825 832.825
605 900
632.825 967.175

[OBSTACLE]
900 195
967.175 167.175
995 100
967.175 32.8249
900 5
832.825 32.8249
805 100
832.825 167.175

[OBSTACLE]
900 395
967.175 367.175
995 300
967.175 232.825
900 205
832.825 232.825
805 300
832.825 367.175

[OBSTACLE]
900 595
967.175 567.175
995 500
967.175 432.825
900 405
832.825 432.825
805 500
832.825 567.175

[OBSTACLE]
900 795
967.175 767.175
995 700
967.175 632.825
900 605
832.825 632.825
805 700
832.825 767.175

[OBSTACLE]
900 995
967.175 967.175
995 900
967.175 832.825
900 805
832.825 832.825
805 900
832.825 967.175

[OBSTACLE]
1100 195
1167.18 167.175
1195 100
1167.18 32.8249
1100 5
1032.82 32.8249
1005 100
1032.82 167.175

[OBSTACLE]
1100 395
1167.18 367.175
1195 300
1167.18 232.825
1100 205
1032.82 232.825
1005 300
1032.82 367.175

[OBSTACLE]
1100 595
1167.18 567.175
1195 500
1167.18 432.825
1100 405
1032.82 432.825
1005 500
1032.82 567.175

[OBSTACLE]
1100 795
1167.18 767.175
1195 700
1167.18 632.825
1100 605
1032.82 632.825
1005 700
1032.82 767.175

[OBSTACLE]
1100 995
1167.18 967.175
1195 900
1167.18 832.825
1100 805
1032.82 832.825
1005 900
1032.82 967.175

[OBSTACLE]
1300 195
1367.18 167.175
1395 100
1367.18 32.8249
1300 5
1232.82 32.8249
1205 100
1232.82 167.175

[OBSTACLE]
1300 395
1367.18 367.175
1395 300
1367.18 232.825
1300 205
1232.82 232.825
1205 300
1232.82 367.175

[OBSTACLE]
1300 595
1367.18 567.175
1395 500
1367.18 432.825
1300 405
1232.82 432.825
1205 500
1232.82 567.175

[OBSTACLE]
1300 795
1367.18 767.175
1395 700
1367.18 632.825
1300 605
1232.82 632.825
1205 700
1232.82 767.175

[OBSTACLE]
1300 995
1367.18 967.175
1395 900
1367.18 832.825
1300 805
1232.82 832.825
1205 900
1232.82 967.175

[OBSTACLE]
1500 195
1567.18 167.175
1595 100
1567.18 32.8249
1500 5
1432.82 32.8249
1405 100
1432.82 167.175

[OBSTACLE]
1500 395
1567.18 367.175
1595 300
1567.18 232.825
1500 205
1432.82 232.825
1405 300
1432.82 367.175

[OBSTACLE]
1500 595
1567.18 567.175
1595 500
1567.18 432.825
1500 405
1432.82 432.825
1405 500
1432.82 567.175

[OBSTACLE]
1500 795
1567.18 767.175
1595 700
1567.18 632.825
1500 605
1432.82 632.825
1405 700
1432.82 767.175

[OBSTACLE]
1500 995
1567.18 967.175
1595 900
1567.18 832.825
1500 805
1432.82 832.825
1405 900
1432.82 967.175

[OBSTACLE]
1700 195
1767.18 167.175
1795 100
1767.18 32.8249
1700 5
1632.82 32.8249
1605 100
1632.82 167.175

[OBSTACLE]
1700 395
1767.18 367.175
1795 300
1767.18 232.825
1700 205
1632.82 232.825
1605 300
1632.82 367.175

[OBSTACLE]
1700 595
1767.18 567.175
1795 500
1767.18 432.825
1700 405
1632.82 432.825
1605 500
1632.82 567.175

[OBSTACLE]
1700 795
1767.18 767.175
1795 700
1767.18 632.825
1700 605
1632.82 632.825
1605 700
1632.82 767.175

[OBSTACLE]
1700 995
1767.18 967.175
1795 900
1767.18 832.825
1700 805
1632.82 832.825
1605 900
1632.82 967.175

[OBSTACLE]
1900 195
1967.18 167.175
1995 100
1967.18 32.8249
1900 5
1832.82 32.8249
1805 100
1832.82 167.175

[OBSTACLE]
1900 395
1967.18 367.175
1995 300
1967.18 232.825
1900 205
1832.82 232.825
1805 300
1832.82 367.175

[OBSTACLE]
1900 595
1967.18 567.175
1995 500
1967.18 432.825
1900 405
1832.82 432.825
1805 500
1832.82 567.175

[OBSTACLE]
1900 795
1967.18 767.175
1995 700
1967.18 632.825
1900 605
1832.82 632.825
1805 700
1832.82 767.175

[OBSTACLE]
1900 995
1967.18 967.175
1995 900
1967.18 832.825
1900 805
1832.82 832.825
1805 900
1832.82 967.175

