[SCALE]
1

[BORDER]
0 0
2000 0
2000 2000
0 2000

[OBSTACLE]
100 195
161.065 172.774
193.557 116.497
182.272 52.5
132.492 10.7292
67.5081 10.7292
17.7276 52.5
6.44326 116.497
38.9352 172.774

[OBSTACLE]
100 395
161.065 372.774
193.557 316.497
182.272 252.5
132.492 210.729
67.5081 210.729
17.7276 252.5
6.44326 316.497
38.9352 372.774

[OBSTACLE]
100 595
161.065 572.774
193.557 516.497
182.272 452.5
132.492 410.729
67.5081 410.729
17.7276 452.5
6.44326 516.497
38.9352 572.774

[OBSTACLE]
100 795
161.065 772.774
193.557 716.497
182.272 652.5
132.492 610.729
67.5081 610.729
17.7276 652.5
6.44326 716.497
38.9352 772.774

[OBSTACLE]
100 995
161.065 972.774
193.557 916.497
182.272 852.5
132.492 810.729
67.5081 810.729
17.7276 852.5
6.44326 916.497
38.9352 972.774

[OBSTACLE]
300 195
361.065 172.774
393.557 116.497
382.272 52.5
332.492 10.7292
267.508 10.7292
217.728 52.5
206.443 116.497
238.935 172.774

[OBSTACLE]
300 395
361.065 372.774
393.557 316.497
382.272 252.5
332.492 210.729
267.508 210.729
217.728 252.5
206.443 316.497
238.935 372.774

[OBSTACLE]
300 595
361.065 572.774
393.557 516.497
382.272 452.5
332.492 410.729
267.508 410.729
217.728 452.5
206.443 516.497
238.935 572.774

[OBSTACLE]
300 795
361.065 772.774
393.557 716.497
382.272 652.5
332.492 610.729
267.508 610.729
217.728 652.5
206.443 716.497
238.935 772.774

[OBSTACLE]
300 995
361.065 972.774
393.557 916.497
382.272 852.5
332.492 810.729
267.508 810.729
217.728 852.5
206.443 916.497
238.935 972.774

[OBSTACLE]
500 195
561.065 172.774
593.557 116.497
582.272 52.5
532.492 10.7292
467.508 10.7292
417.728 52.5
406.443 116.497
438.935 172.774

[OBSTACLE]
500 395
561.065 372.774
593.557 316.497
582.272 252.5
532.492 210.729
467.508 210.729
417.728 252.5
406.443 316.497
438.935 372.774

[OBSTACLE]
500 595
561.065 572.774
593.557 516.497
582.272 452.5
532.492 410.729
467.508 410.729
417.728 452.5
406.443 516.497
438.935 572.774

[OBSTACLE]
500 795
561.065 772.774
593.557 716.497
582.272 652.5
532.492 610.729
467.508 610.729
417.728 652.5
406.443 716.497
438.935 772.774

[OBSTACLE]
500 995
561.065 972.774
593.557 916.497
582.272 852.5
532.492 810.729
467.508 810.729
417.728 852.5
406.443 916.497
438.935 972.774

[OBSTACLE]
700 195
761.065 172.774
793.557 116.497
782.272 52.5
732.492 10.7292
667.508 10.7292
617.728 52.5
606.443 116.497
638.935 172.774

[OBSTACLE]
700 395
761.065 372.774
793.557 316.497
782.272 252.5
732.492 210.729
667.508 210.729
617.728 252.5
606.443 316.497
638.935 372.774

[OBSTACLE]
700 595
761.065 572.774
793.557 516.497
782.272 452.5
732.492 410.729
667.508 410.729
617.728 452.5
606.443 516.497
638.935 572.774

[OBSTACLE]
700 795
761.065 772.774
793.557 716.497
782.272 652.5
732.492 610.729
667.508 610.729
617.728 652.5
606.443 716.497
638.935 772.774

[OBSTACLE]
700 995
761.065 972.774
793.557 916.497
782.272 852.5
732.492 810.729
667.508 810.729
617.728 852.5
606.443 916.497
638.935 972.774

[OBSTACLE]
900 195
961.065 172.774
993.557 116.497
982.272 52.5
932.492 10.7292
867.508 10.7292
817.728 52.5
806.443 116.497
838.935 172.774

[OBSTACLE]
900 395
961.065 372.774
993.557 316.497
982.272 252.5
932.492 210.729
867.508 210.729
817.728 252.5
806.443 316.497
838.935 372.774

[OBSTACLE]
900 595
961.065 572.774
993.557 516.497
982.272 452.5
932.492 410.729
867.508 410.729
817.728 452.5
806.443 516.497
838.935 572.774

[OBSTACLE]
900 795
961.065 772.774
993.557 716.497
982.272 652.5
932.492 610.729
867.508 610.729
817.728 652.5
806.443 716.497
838.935 772.774

[OBSTACLE]
900 995
961.065 972.774
993.557 916.497
982.272 852.5
932.492 810.729
867.508 810.729
817.728 852.5
806.443 916.497
838.935 972.774

[OBSTACLE]
1100 195
1161.06 172.774
1193.56 116.497
1182.27 52.5
1132.49 10.7292
1067.51 10.7292
1017.73 52.5
1006.44 116.497
1038.94 172.774

[OBSTACLE]
1100 395
1161.06 372.774
1193.56 316.497
1182.27 252.5
1132.49 210.729
1067.51 210.729
1017.73 252.5
1006.44 316.497
1038.94 372.774

[OBSTACLE]
1100 595
1161.06 572.774
1193.56 516.497
1182.27 452.5
1132.49 410.729
1067.51 410.729
1017.73 452.5
1006.44 516.497
1038.94 572.774

[OBSTACLE]
1100 795
1161.06 772.774
1193.56 716.497
1182.27 652.5
1132.49 610.729
1067.51 610.729
1017.73 652.5
1006.44 716.497
1038.94 772.774

[OBSTACLE]
1100 995
1161.06 972.774
1193.56 916.497
1182.27 852.5
1132.49 810.729
1067.51 810.729
1017.73 852.5
1006.44 916.497
1038.94 972.774

[OBSTACLE]
1300 195
1361.06 172.774
1393.56 116.497
1382.27 52.5
1332.49 10.7292
1267.51 10.7292
1217.73 52.5
1206.44 116.497
1238.94 172.774

[OBSTACLE]
1300 395
1361.06 372.774
1393.56 316.497
1382.27 252.5
1332.49 210.729
1267.51 210.729
1217.73 252.5
1206.44 316.497
1238.94 372.774

[OBSTACLE]
1300 595
1361.06 572.774
1393.56 516.497
1382.27 452.5
1332.49 410.729
1267.51 410.729
1217.73 452.5
1206.44 516.497
1238.94 572.774

[OBSTACLE]
1300 795
1361.06 772.774
1393.56 716.497
1382.27 652.5
1332.49 610.729
1267.51 610.729
1217.73 652.5
1206.44 716.497
1238.94 772.774

[OBSTACLE]
1300 995
1361.06 972.774
1393.56 916.497
1382.27 852.5
1332.49 810.729
1267.51 810.729
1217.73 852.5
1206.44 916.497
1238.94 972.774

[OBSTACLE]
1500 195
1561.06 172.774
1593.56 116.497
1582.27 52.5
1532.49 10.7292
1467.51 10.7292
1417.73 52.5
1406.44 116.497
1438.94 172.774

[OBSTACLE]
1500 395
1561.06 372.774
1593.56 316.497
1582.27 252.5
1532.49 210.729
1467.51 210.729
1417.73 252.5
1406.44 316.497
1438.94 372.774

[OBSTACLE]
1500 595
1561.06 572.774
1593.56 516.497
1582.27 452.5
1532.49 410.729
1467.51 410.729
1417.73 452.5
1406.44 516.497
1438.94 572.774

[OBSTACLE]
1500 795
1561.06 772.774
1593.56 716.497
1582.27 652.5
1532.49 610.729
1467.51 610.729
1417.73 652.5
1406.44 716.497
1438.94 772.774

[OBSTACLE]
1500 995
1561.06 972.774
1593.56 916.497
1582.27 852.5
1532.49 810.729
1467.51 810.729
1417.73 852.5
1406.44 916.497
1438.94 972.774

[OBSTACLE]
1700 195
1761.06 172.774
1793.56 116.497
1782.27 52.5
1732.49 10.7292
1667.51 10.7292
1617.73 52.5
1606.44 116.497
1638.94 172.774

[OBSTACLE]
1700 395
1761.06 372.774
1793.56 316.497
1782.27 252.5
1732.49 210.729
1667.51 210.729
1617.73 252.5
1606.44 316.497
1638.94 372.774

[OBSTACLE]
1700 595
1761.06 572.774
1793.56 516.497
1782.27 452.5
1732.49 410.729
1667.51 410.729
1617.73 452.5
1606.44 516.497
1638.94 572.774

[OBSTACLE]
1700 795
1761.06 772.774
1793.56 716.497
1782.27 652.5
1732.49 610.729
1667.51 610.729
1617.73 652.5
1606.44 716.497
1638.94 772.774

[OBSTACLE]
1700 995
1761.06 972.774
1793.56 916.497
1782.27 852.5
1732.49 810.729
1667.51 810.729
1617.73 852.5
1606.44 916.497
1638.94 972.774

[OBSTACLE]
1900 195
1961.06 172.774
1993.56 116.497
1982.27 52.5
1932.49 10.7292
1867.51 10.7292
1817.73 52.5
1806.44 116.497
1838.94 172.774

[OBSTACLE]
1900 395
1961.06 372.774
1993.56 316.497
1982.27 252.5
1932.49 210.729
1867.51 210.729
1817.73 252.5
1806.44 316.497
1838.94 372.774

[OBSTACLE]
1900 595
1961.06 572.774
1993.56 516.497
1982.27 452.5
1932.49 410.729
1867.51 410.729
1817.73 452.5
1806.44 516.497
1838.94 572.774

[OBSTACLE]
1900 795
1961.06 772.774
1993.56 716.497
1982.27 652.5
1932.49 610.729
1867.51 610.729
1817.73 652.5
1806.44 716.497
1838.94 772.774

[OBSTACLE]
1900 995
1961.06 972.774
1993.56 916.497
1982.27 852.5
1932.49 810.729
1867.51 810.729
1817.73 852.5
1806.44 916.497
1838.94 972.774

