[SCALE]
1

[BORDER]
0 0
2000 0
2000 2000
0 2000

[OBSTACLE]
100 100
2000 100
2000 2000
100 2000

[OBSTACLE]
400 790
737.75 595
737.75 205
400 400
62.2501 205
62.2501 595

[OBSTACLE]
400 1040
629.236 965.517
770.912 770.517
770.912 529.483
629.236 334.483
400 260
400 650
29.088 529.483
29.088 770.517
170.764 965.517

[OBSTACLE]
400 1290
770.912 1020.52
629.236 584.483
170.764 584.483
29.088 1020.52

[OBSTACLE]
400 1540
737.75 1345
737.75 955
400 760
400 1150
62.2501 1345

[OBSTACLE]
400 1400
704.914 1643.16
780.222 1313.22
569.215 1048.62
230.785 1048.62
19.7781 1313.22
95.0857 1643.16

[OBSTACLE]
400 2040
629.236 1965.52
770.912 1770.52
770.912 1529.48
629.236 1334.48
400 1260
170.764 1334.48
29.088 1529.48
400 1650
170.764 1965.52

[OBSTACLE]
400 2290
770.912 2020.52
629.236 1584.48
170.764 1584.48
29.088 2020.52

[OBSTACLE]
650 790
1020.91 520.517
879.236 84.4834
420.764 84.4834
279.088 520.517

[OBSTACLE]
650 1040
925.772 925.772
1040 650
650 650
650 260
374.228 374.228
260 650
374.228 925.772

[OBSTACLE]
650 1290
954.914 1143.16
1030.22 813.217
819.215 548.622
480.785 548.622
269.778 813.217
345.086 1143.16

[OBSTACLE]
650 1540
879.236 1465.52
1020.91 1270.52
1020.91 1029.48
879.236 834.483
650 1150
420.764 834.483
279.088 1029.48
279.088 1270.52
420.764 1465.52

[OBSTACLE]
650 1790
879.236 1715.52
1020.91 1520.52
1020.91 1279.48
879.236 1084.48
650 1010
650 1400
279.088 1279.48
279.088 1520.52
420.764 1715.52

[OBSTACLE]
650 2040
650 1650
879.236 1334.48
420.764 1334.48
279.088 1770.52

[OBSTACLE]
650 2290
879.236 2215.52
1020.91 2020.52
1020.91 1779.48
879.236 1584.48
650 1510
420.764 1584.48
650 1900
279.088 2020.52
420.764 2215.52

[OBSTACLE]
900 790
1237.75 595
1237.75 205
900 10
562.25 205
562.25 595

[OBSTACLE]
900 1040
1175.77 925.772
1290 650
1175.77 374.228
900 260
624.228 374.228
510 650
900 650

[OBSTACLE]
900 1290
1150.69 1198.76
1284.08 967.723
1237.75 705
1033.39 533.52
766.612 533.52
562.25 705
900 900
649.313 1198.76

[OBSTACLE]
900 1540
1204.91 1393.16
1280.22 1063.22
1069.21 798.622
730.785 798.622
519.778 1063.22
900 1150

[OBSTACLE]
900 1790
1270.91 1520.52
1129.24 1084.48
900 1400
529.088 1520.52

[OBSTACLE]
900 1650
1270.91 1770.52
1129.24 1334.48
670.764 1334.48
529.088 1770.52

[OBSTACLE]
900 2290
1204.91 2143.16
1280.22 1813.22
900 1900
730.785 1548.62
519.778 1813.22
595.086 2143.16

[OBSTACLE]
1150 790
1379.24 715.517
1520.91 520.517
1520.91 279.483
1379.24 84.4834
1150 10
920.764 84.4834
1150 400
779.088 520.517
920.764 715.517

[OBSTACLE]
1150 1040
1379.24 965.517
1150 650
1520.91 529.483
1379.24 334.483
1150 260
920.764 334.483
779.088 529.483
779.088 770.517
920.764 965.517

[OBSTACLE]
1150 900
1454.91 1143.16
1530.22 813.217
1319.21 548.622
980.785 548.622
769.778 813.217
845.086 1143.16

[OBSTACLE]
1150 1540
1400.69 1448.76
1534.08 1217.72
1487.75 955
1150 1150
1016.61 783.52
812.25 955
765.925 1217.72
899.313 1448.76

[OBSTACLE]
1150 1790
1487.75 1595
1487.75 1205
1150 1010
812.25 1205
812.25 1595

[OBSTACLE]
1150 2040
1520.91 1770.52
1150 1650
920.764 1334.48
779.088 1770.52

[OBSTACLE]
1150 2290
1454.91 2143.16
1150 1900
1319.21 1548.62
980.785 1548.62
769.778 1813.22
845.086 2143.16

[OBSTACLE]
1400 400
1737.75 595
1737.75 205
1400 10
1062.25 205
1062.25 595

[OBSTACLE]
1400 1040
1770.91 770.517
1629.24 334.483
1400 650
1029.09 770.517

[OBSTACLE]
1400 1290
1704.91 1143.16
1780.22 813.217
1569.21 548.622
1400 900
1019.78 813.217
1095.09 1143.16

[OBSTACLE]
1400 1540
1629.24 1465.52
1400 1150
1770.91 1029.48
1629.24 834.483
1400 760
1170.76 834.483
1029.09 1029.48
1029.09 1270.52
1170.76 1465.52

[OBSTACLE]
1400 1400
1650.69 1698.76
1784.08 1467.72
1737.75 1205
1533.39 1033.52
1266.61 1033.52
1062.25 1205
1015.92 1467.72
1149.31 1698.76

[OBSTACLE]
1400 2040
1650.69 1948.76
1784.08 1717.72
1737.75 1455
1400 1650
1266.61 1283.52
1062.25 1455
1015.92 1717.72
1149.31 1948.76

[OBSTACLE]
1400 2290
1650.69 2198.76
1784.08 1967.72
1737.75 1705
1400 1900
1266.61 1533.52
1062.25 1705
1015.92 1967.72
1149.31 2198.76

[OBSTACLE]
1650 790
1987.75 595
1987.75 205
1650 10
1312.25 205
1650 400

[OBSTACLE]
1650 1040
2020.91 770.517
1650 650
1420.76 334.483
1279.09 770.517

[OBSTACLE]
1650 1290
2020.91 1020.52
1879.24 584.483
1420.76 584.483
1279.09 1020.52

[OBSTACLE]
1650 1540
2020.91 1270.52
1650 1150
1420.76 834.483
1279.09 1270.52

[OBSTACLE]
1650 1790
1954.91 1643.16
2030.22 1313.22
1819.21 1048.62
1480.79 1048.62
1269.78 1313.22
1345.09 1643.16

[OBSTACLE]
1650 1650
1879.24 1965.52
2020.91 1770.52
2020.91 1529.48
1879.24 1334.48
1650 1260
1420.76 1334.48
1279.09 1529.48
1279.09 1770.52
1420.76 1965.52

[OBSTACLE]
1650 2290
1987.75 2095
1650 1900
1650 1510
1312.25 1705
1312.25 2095

[OBSTACLE]
1900 790
2204.91 643.161
2280.22 313.217
2069.21 48.6221
1730.79 48.6221
1519.78 313.217
1900 400

[OBSTACLE]
1900 1040
2237.75 845
2237.75 455
1900 260
1562.25 455
1900 650

[OBSTACLE]
1900 1290
2204.91 1143.16
2280.22 813.217
2069.21 548.622
1900 900
1519.78 813.217
1595.09 1143.16

[OBSTACLE]
1900 1540
2204.91 1393.16
2280.22 1063.22
2069.21 798.622
1730.79 798.622
1519.78 1063.22
1900 1150

[OBSTACLE]
1900 1790
2175.77 1675.77
2290 1400
2175.77 1124.23
1900 1010
1900 1400
1510 1400
1624.23 1675.77

[OBSTACLE]
1900 2040
2270.91 1770.52
2129.24 1334.48
1670.76 1334.48
1529.09 1770.52

[OBSTACLE]
1900 2290
2175.77 2175.77
1900 1900
2175.77 1624.23
1900 1510
1624.23 1624.23
1510 1900
1624.23 2175.77

