[SCALE]
1

[BORDER]
0 0
4000 0
4000 4000
0 4000

[OBSTACLE]
191.116 1880.35
246.082 1848.28
287.306 1802.47
278.145 1710.85
200.277 1669.63
163.634 1738.34
62.8642 1852.86
145.312 1930.74

[OBSTACLE]
339.563 1685.08
365.069 1657.25
397.53 1603.91
360.431 1562.16
270.004 1562.16
244.498 1592.31
232.905 1622.46
279.278 1638.7

[OBSTACLE]
474.046 1638.7
513.463 1622.46
564.473 1571.44
573.748 1513.46
501.87 1476.35
446.222 1476.35
409.123 1520.41
411.442 1557.52
429.991 1583.03

[OBSTACLE]
302.465 1513.46
378.981 1501.86
429.991 1457.79
418.398 1406.77
390.574 1339.51
344.201 1378.94
272.322 1416.05
274.641 1460.11

[OBSTACLE]
566.792 1446.2
606.209 1439.24
638.67 1392.85
613.165 1323.28
534.331 1269.93
455.496 1295.44
423.035 1330.23
450.859 1374.3
469.408 1425.32
513.463 1443.88

[OBSTACLE]
427.672 1798.73
453.178 1719.87
446.222 1675.81
399.849 1666.53
365.069 1719.87
332.607 1747.7
332.607 1787.13

[OBSTACLE]
777.79 1425.32
733.735 1378.94
659.538 1388.22
636.352 1476.35
659.538 1515.78

[OBSTACLE]
782.427 1320.96
782.427 1262.98
712.867 1239.78
634.033 1265.29
652.582 1318.64
666.494 1362.7
729.098 1351.11

[OBSTACLE]
552.88 1251.38
594.616 1265.29
650.264 1237.46
701.274 1216.59
682.725 1163.25
594.616 1142.37
545.924 1195.72

[OBSTACLE]
710.549 1121.5
752.285 1200.35
817.207 1216.59
900.679 1156.29
879.811 1079.75
831.119 998.578
736.054 1038.01

[OBSTACLE]
958.645 1314
947.052 1242.1
863.58 1225.87
817.207 1265.29
826.482 1297.76
856.624 1358.07

[OBSTACLE]
1069.94 1156.29
1032.84 1091.35
956.327 1091.35
933.14 1160.93
954.008 1200.35
1011.97 1188.76

[OBSTACLE]
991.106 1044.96
1025.89 1035.69
1065.3 989.301
1007.34 908.127
896.041 942.916
854.306 989.301
928.503 1063.52

[OBSTACLE]
1227.61 1054.24
1171.96 998.578
1107.04 991.621
1062.98 1028.73
1056.03 1068.16
1102.4 1126.14
1167.32 1165.57

[OBSTACLE]
1171.96 935.958
1204.42 894.211
1264.71 824.633
1255.43 764.332
1114 824.633
1049.07 857.103
1039.8 905.808
1095.45 970.747

[OBSTACLE]
1313.4 1056.56
1399.19 1014.81
1336.59 961.47
1290.21 884.934
1248.48 877.976
1216.02 929
1185.87 968.428
1267.03 1024.09

[OBSTACLE]
1484.98 929
1487.3 850.145
1447.88 792.163
1355.14 824.633
1334.27 880.296
1440.93 949.874

[OBSTACLE]
1378.32 773.609
1427.01 748.097
1447.88 676.2
1389.92 657.646
1297.17 720.266
1315.72 792.163

[OBSTACLE]
1596.28 850.145
1691.34 748.097
1614.83 697.073
1549.9 697.073
1491.94 752.736
1484.98 792.163
1568.45 861.742

[OBSTACLE]
1593.96 622.857
1647.29 557.917
1575.41 537.044
1512.8 562.556
1489.62 615.899
1501.21 694.754

[OBSTACLE]
1735.4 748.097
1781.77 762.013
1814.23 704.031
1911.61 659.965
1702.93 574.152
1642.65 597.345
1591.64 662.284
1686.7 694.754

[OBSTACLE]
1737.71 527.767
1781.77 434.996
1730.76 381.653
1658.88 409.484
1612.51 486.02
1677.43 532.405

[OBSTACLE]
1851.33 370.056
1902.34 277.286
1913.93 184.515
1860.6 163.641
1798 349.183

[OBSTACLE]
1638.01 358.46
1767.86 339.906
1800.32 237.858
1770.18 163.641
1695.98 196.111
1624.1 286.563

[OBSTACLE]
1951.03 548.64
1944.07 476.743
1971.9 402.526
1886.11 400.207
1807.27 397.888
1821.19 437.315
1795.68 504.574
1758.58 564.875
1904.66 606.622

[OBSTACLE]
1369.05 618.218
1464.11 567.194
1447.88 483.701
1329.63 421.08
1271.66 564.875

[OBSTACLE]
1573.09 374.695
1545.27 305.117
1433.97 346.864
1440.93 425.719
1559.18 465.146

[OBSTACLE]
1037.48 741.139
1174.28 717.947
1260.07 497.616
977.194 564.875

[OBSTACLE]
773.153 912.765
954.008 764.332
854.306 634.453
719.823 715.628
650.264 894.211

[OBSTACLE]
344.201 1170.2
464.771 1105.26
576.067 1019.45
436.947 915.085
318.696 1017.13

[OBSTACLE]
59.0058 1409.09
195.807 1371.98
221.312 1186.44
186.532 1047.28
72.9178 1174.84

[OBSTACLE]
1229.93 323.671
1473.39 249.454
1501.21 110.298
1392.23 77.8284
1216.02 147.406

[OBSTACLE]
722.142 437.315
937.777 319.032
865.899 210.027
705.911 240.177
678.088 367.737

[OBSTACLE]
133.203 200.75
314.058 309.755
392.893 214.665
337.245 165.961
205.081 121.894
154.071 156.684

[OBSTACLE]
358.113 813.037
411.442 782.886
520.419 773.609
529.693 673.881
511.144 562.556
423.035 527.767
344.201 585.748
170.301 611.26
93.7857 671.561
158.708 785.206
300.146 819.995

[OBSTACLE]
548.243 1961.08
657.22 1891.5
715.186 1821.92
685.044 1743.06
617.802 1733.79
566.792 1798.73
455.496 1944.84

[OBSTACLE]
1014.29 1617.82
1044.44 1538.97
1118.63 1467.07
1222.97 1392.85
1264.71 1246.74
1165.01 1344.15
1076.9 1367.34
965.601 1434.6
858.943 1534.33
912.272 1601.59

[OBSTACLE]
1559.18 1290.81
1644.97 1295.44
1568.45 1186.44
1691.34 1014.81
1589.32 963.789
1447.88 1153.97
1494.26 1170.2

[OBSTACLE]
1056.03 1981.95
1257.75 1814.96
1443.24 1629.42
1243.84 1536.65
1225.29 1671.17
1171.96 1770.9
942.415 1819.6
923.865 1963.39

[OBSTACLE]
1777.13 1671.17
1596.28 1571.44
1665.84 1812.64

[OBSTACLE]
2191.12 1880.35
2246.08 1848.28
2287.31 1802.47
2278.14 1710.85
2200.28 1669.63
2163.63 1738.34
2062.86 1852.86
2145.31 1930.74

[OBSTACLE]
2339.56 1685.08
2365.07 1657.25
2397.53 1603.91
2360.43 1562.16
2270 1562.16
2244.5 1592.31
2232.91 1622.46
2279.28 1638.7

[OBSTACLE]
2474.05 1638.7
2513.46 1622.46
2564.47 1571.44
2573.75 1513.46
2501.87 1476.35
2446.22 1476.35
2409.12 1520.41
2411.44 1557.52
2429.99 1583.03

[OBSTACLE]
2302.47 1513.46
2378.98 1501.86
2429.99 1457.79
2418.4 1406.77
2390.57 1339.51
2344.2 1378.94
2272.32 1416.05
2274.64 1460.11

[OBSTACLE]
2566.79 1446.2
2606.21 1439.24
2638.67 1392.85
2613.16 1323.28
2534.33 1269.93
2455.5 1295.44
2423.03 1330.23
2450.86 1374.3
2469.41 1425.32
2513.46 1443.88

[OBSTACLE]
2427.67 1798.73
2453.18 1719.87
2446.22 1675.81
2399.85 1666.53
2365.07 1719.87
2332.61 1747.7
2332.61 1787.13

[OBSTACLE]
2777.79 1425.32
2733.74 1378.94
2659.54 1388.22
2636.35 1476.35
2659.54 1515.78

[OBSTACLE]
2782.43 1320.96
2782.43 1262.98
2712.87 1239.78
2634.03 1265.29
2652.58 1318.64
2666.49 1362.7
2729.1 1351.11

[OBSTACLE]
2552.88 1251.38
2594.62 1265.29
2650.26 1237.46
2701.27 1216.59
2682.72 1163.25
2594.62 1142.37
2545.92 1195.72

[OBSTACLE]
2710.55 1121.5
2752.28 1200.35
2817.21 1216.59
2900.68 1156.29
2879.81 1079.75
2831.12 998.578
2736.05 1038.01

[OBSTACLE]
2958.64 1314
2947.05 1242.1
2863.58 1225.87
2817.21 1265.29
2826.48 1297.76
2856.62 1358.07

[OBSTACLE]
3069.94 1156.29
3032.84 1091.35
2956.33 1091.35
2933.14 1160.93
2954.01 1200.35
3011.97 1188.76

[OBSTACLE]
2991.11 1044.96
3025.89 1035.69
3065.3 989.301
3007.34 908.127
2896.04 942.916
2854.31 989.301
2928.5 1063.52

[OBSTACLE]
3227.61 1054.24
3171.96 998.578
3107.04 991.621
3062.98 1028.73
3056.03 1068.16
3102.4 1126.14
3167.32 1165.57

[OBSTACLE]
3171.96 935.958
3204.42 894.211
3264.71 824.633
3255.43 764.332
3114 824.633
3049.07 857.103
3039.8 905.808
3095.45 970.747

[OBSTACLE]
3313.4 1056.56
3399.19 1014.81
3336.59 961.47
3290.21 884.934
3248.48 877.976
3216.02 929
3185.87 968.428
3267.03 1024.09

[OBSTACLE]
3484.98 929
3487.3 850.145
3447.88 792.163
3355.14 824.633
3334.27 880.296
3440.93 949.874

[OBSTACLE]
3378.32 773.609
3427.01 748.097
3447.88 676.2
3389.92 657.646
3297.17 720.266
3315.72 792.163

[OBSTACLE]
3596.28 850.145
3691.34 748.097
3614.83 697.073
3549.9 697.073
3491.94 752.736
3484.98 792.163
3568.45 861.742

[OBSTACLE]
3593.96 622.857
3647.29 557.917
3575.41 537.044
3512.8 562.556
3489.62 615.899
3501.21 694.754

[OBSTACLE]
3735.4 748.097
3781.77 762.013
3814.23 704.031
3911.61 659.965
3702.93 574.152
3642.65 597.345
3591.64 662.284
3686.7 694.754

[OBSTACLE]
3737.71 527.767
3781.77 434.996
3730.76 381.653
3658.88 409.484
3612.51 486.02
3677.43 532.405

[OBSTACLE]
3851.33 370.056
3902.34 277.286
3913.93 184.515
3860.6 163.641
3798 349.183

[OBSTACLE]
3638.01 358.46
3767.86 339.906
3800.32 237.858
3770.18 163.641
3695.98 196.111
3624.1 286.563

[OBSTACLE]
3951.03 548.64
3944.07 476.743
3971.9 402.526
3886.11 400.207
3807.27 397.888
3821.19 437.315
3795.68 504.574
3758.58 564.875
3904.66 606.622

[OBSTACLE]
3369.05 618.218
3464.11 567.194
3447.88 483.701
3329.63 421.08
3271.66 564.875

[OBSTACLE]
3573.09 374.695
3545.27 305.117
3433.97 346.864
3440.93 425.719
3559.18 465.146

[OBSTACLE]
3037.48 741.139
3174.28 717.947
3260.07 497.616
2977.19 564.875

[OBSTACLE]
2773.15 912.765
2954.01 764.332
2854.31 634.453
2719.82 715.628
2650.26 894.211

[OBSTACLE]
2344.2 1170.2
2464.77 1105.26
2576.07 1019.45
2436.95 915.085
2318.7 1017.13

[OBSTACLE]
2059.01 1409.09
2195.81 1371.98
2221.31 1186.44
2186.53 1047.28
2072.92 1174.84

[OBSTACLE]
3229.93 323.671
3473.39 249.454
3501.21 110.298
3392.23 77.8284
3216.02 147.406

[OBSTACLE]
2722.14 437.315
2937.78 319.032
2865.9 210.027
2705.91 240.177
2678.09 367.737

[OBSTACLE]
2133.2 200.75
2314.06 309.755
2392.89 214.665
2337.24 165.961
2205.08 121.894
2154.07 156.684

[OBSTACLE]
2358.11 813.037
2411.44 782.886
2520.42 773.609
2529.69 673.881
2511.14 562.556
2423.03 527.767
2344.2 585.748
2170.3 611.26
2093.79 671.561
2158.71 785.206
2300.15 819.995

[OBSTACLE]
2548.24 1961.08
2657.22 1891.5
2715.19 1821.92
2685.04 1743.06
2617.8 1733.79
2566.79 1798.73
2455.5 1944.84

[OBSTACLE]
3014.29 1617.82
3044.44 1538.97
3118.63 1467.07
3222.97 1392.85
3264.71 1246.74
3165.01 1344.15
3076.9 1367.34
2965.6 1434.6
2858.94 1534.33
2912.27 1601.59

[OBSTACLE]
3559.18 1290.81
3644.97 1295.44
3568.45 1186.44
3691.34 1014.81
3589.32 963.789
3447.88 1153.97
3494.26 1170.2

[OBSTACLE]
3056.03 1981.95
3257.75 1814.96
3443.24 1629.42
3243.84 1536.65
3225.29 1671.17
3171.96 1770.9
2942.41 1819.6
2923.86 1963.39

[OBSTACLE]
3777.13 1671.17
3596.28 1571.44
3665.84 1812.64

