[SCALE]
1

[BORDER]
0 0
6000 0
6000 6000
0 6000

[OBSTACLE]
191.116 1880.35
246.082 1848.28
287.306 1802.47
278.145 1710.85
200.277 1669.63
163.634 1738.34
62.8642 1852.86
145.312 1930.74

[OBSTACLE]
339.563 1685.08
365.069 1657.25
397.53 1603.91
360.431 1562.16
270.004 1562.16
244.498 1592.31
232.905 1622.46
279.278 1638.7

[OBSTACLE]
474.046 1638.7
513.463 1622.46
564.473 1571.44
573.748 1513.46
501.87 1476.35
446.222 1476.35
409.123 1520.41
411.442 1557.52
429.991 1583.03

[OBSTACLE]
302.465 1513.46
378.981 1501.86
429.991 1457.79
418.398 1406.77
390.574 1339.51
344.201 1378.94
272.322 1416.05
274.641 1460.11

[OBSTACLE]
566.792 1446.2
606.209 1439.24
638.67 1392.85
613.165 1323.28
534.331 1269.93
455.496 1295.44
423.035 1330.23
450.859 1374.3
469.408 1425.32
513.463 1443.88

[OBSTACLE]
427.672 1798.73
453.178 1719.87
446.222 1675.81
399.849 1666.53
365.069 1719.87
332.607 1747.7
332.607 1787.13

[OBSTACLE]
777.79 1425.32
733.735 1378.94
659.538 1388.22
636.352 1476.35
659.538 1515.78

[OBSTACLE]
782.427 1320.96
782.427 1262.98
712.867 1239.78
634.033 1265.29
652.582 1318.64
666.494 1362.7
729.098 1351.11

[OBSTACLE]
552.88 1251.38
594.616 1265.29
650.264 1237.46
701.274 1216.59
682.725 1163.25
594.616 1142.37
545.924 1195.72

[OBSTACLE]
710.549 1121.5
752.285 1200.35
817.207 1216.59
900.679 1156.29
879.811 1079.75
831.119 998.578
736.054 1038.01

[OBSTACLE]
958.645 1314
947.052 1242.1
863.58 1225.87
817.207 1265.29
826.482 1297.76
856.624 1358.07

[OBSTACLE]
1069.94 1156.29
1032.84 1091.35
956.327 1091.35
933.14 1160.93
954.008 1200.35
1011.97 1188.76

[OBSTACLE]
991.106 1044.96
1025.89 1035.69
1065.3 989.301
1007.34 908.127
896.041 942.916
854.306 989.301
928.503 1063.52

[OBSTACLE]
1227.61 1054.24
1171.96 998.578
1107.04 991.621
1062.98 1028.73
1056.03 1068.16
1102.4 1126.14
1167.32 1165.57

[OBSTACLE]
1171.96 935.958
1204.42 894.211
1264.71 824.633
1255.43 764.332
1114 824.633
1049.07 857.103
1039.8 905.808
1095.45 970.747

[OBSTACLE]
1313.4 1056.56
1399.19 1014.81
1336.59 961.47
1290.21 884.934
1248.48 877.976
1216.02 929
1185.87 968.428
1267.03 1024.09

[OBSTACLE]
1484.98 929
1487.3 850.145
1447.88 792.163
1355.14 824.633
1334.27 880.296
1440.93 949.874

[OBSTACLE]
1378.32 773.609
1427.01 748.097
1447.88 676.2
1389.92 657.646
1297.17 720.266
1315.72 792.163

[OBSTACLE]
1596.28 850.145
1691.34 748.097
1614.83 697.073
1549.9 697.073
1491.94 752.736
1484.98 792.163
1568.45 861.742

[OBSTACLE]
1593.96 622.857
1647.29 557.917
1575.41 537.044
1512.8 562.556
1489.62 615.899
1501.21 694.754

[OBSTACLE]
1735.4 748.097
1781.77 762.013
1814.23 704.031
1911.61 659.965
1702.93 574.152
1642.65 597.345
1591.64 662.284
1686.7 694.754

[OBSTACLE]
1737.71 527.767
1781.77 434.996
1730.76 381.653
1658.88 409.484
1612.51 486.02
1677.43 532.405

[OBSTACLE]
1851.33 370.056
1902.34 277.286
1913.93 184.515
1860.6 163.641
1798 349.183

[OBSTACLE]
1638.01 358.46
1767.86 339.906
1800.32 237.858
1770.18 163.641
1695.98 196.111
1624.1 286.563

[OBSTACLE]
1951.03 548.64
1944.07 476.743
1971.9 402.526
1886.11 400.207
1807.27 397.888
1821.19 437.315
1795.68 504.574
1758.58 564.875
1904.66 606.622

[OBSTACLE]
1369.05 618.218
1464.11 567.194
1447.88 483.701
1329.63 421.08
1271.66 564.875

[OBSTACLE]
1573.09 374.695
1545.27 305.117
1433.97 346.864
1440.93 425.719
1559.18 465.146

[OBSTACLE]
1037.48 741.139
1174.28 717.947
1260.07 497.616
977.194 564.875

[OBSTACLE]
773.153 912.765
954.008 764.332
854.306 634.453
719.823 715.628
650.264 894.211

[OBSTACLE]
344.201 1170.2
464.771 1105.26
576.067 1019.45
436.947 915.085
318.696 1017.13

[OBSTACLE]
59.0058 1409.09
195.807 1371.98
221.312 1186.44
186.532 1047.28
72.9178 1174.84

[OBSTACLE]
1229.93 323.671
1473.39 249.454
1501.21 110.298
1392.23 77.8284
1216.02 147.406

[OBSTACLE]
722.142 437.315
937.777 319.032
865.899 210.027
705.911 240.177
678.088 367.737

[OBSTACLE]
133.203 200.75
314.058 309.755
392.893 214.665
337.245 165.961
205.081 121.894
154.071 156.684

[OBSTACLE]
358.113 813.037
411.442 782.886
520.419 773.609
529.693 673.881
511.144 562.556
423.035 527.767
344.201 585.748
170.301 611.26
93.7857 671.561
158.708 785.206
300.146 819.995

[OBSTACLE]
548.243 1961.08
657.22 1891.5
715.186 1821.92
685.044 1743.06
617.802 1733.79
566.792 1798.73
455.496 1944.84

[OBSTACLE]
1014.29 1617.82
1044.44 1538.97
1118.63 1467.07
1222.97 1392.85
1264.71 1246.74
1165.01 1344.15
1076.9 1367.34
965.601 1434.6
858.943 1534.33
912.272 1601.59

[OBSTACLE]
1559.18 1290.81
1644.97 1295.44
1568.45 1186.44
1691.34 1014.81
1589.32 963.789
1447.88 1153.97
1494.26 1170.2

[OBSTACLE]
1056.03 1981.95
1257.75 1814.96
1443.24 1629.42
1243.84 1536.65
1225.29 1671.17
1171.96 1770.9
942.415 1819.6
923.865 1963.39

[OBSTACLE]
1777.13 1671.17
1596.28 1571.44
1665.84 1812.64

[OBSTACLE]
2191.12 1880.35
2246.08 1848.28
2287.31 1802.47
2278.14 1710.85
2200.28 1669.63
2163.63 1738.34
2062.86 1852.86
2145.31 1930.74

[OBSTACLE]
2339.56 1685.08
2365.07 1657.25
2397.53 1603.91
2360.43 1562.16
2270 1562.16
2244.5 1592.31
2232.91 1622.46
2279.28 1638.7

[OBSTACLE]
2474.05 1638.7
2513.46 1622.46
2564.47 1571.44
2573.75 1513.46
2501.87 1476.35
2446.22 1476.35
2409.12 1520.41
2411.44 1557.52
2429.99 1583.03

[OBSTACLE]
2302.47 1513.46
2378.98 1501.86
2429.99 1457.79
2418.4 1406.77
2390.57 1339.51
2344.2 1378.94
2272.32 1416.05
2274.64 1460.11

[OBSTACLE]
2566.79 1446.2
2606.21 1439.24
2638.67 1392.85
2613.16 1323.28
2534.33 1269.93
2455.5 1295.44
2423.03 1330.23
2450.86 1374.3
2469.41 1425.32
2513.46 1443.88

[OBSTACLE]
2427.67 1798.73
2453.18 1719.87
2446.22 1675.81
2399.85 1666.53
2365.07 1719.87
2332.61 1747.7
2332.61 1787.13

[OBSTACLE]
2777.79 1425.32
2733.74 1378.94
2659.54 1388.22
2636.35 1476.35
2659.54 1515.78

[OBSTACLE]
2782.43 1320.96
2782.43 1262.98
2712.87 1239.78
2634.03 1265.29
2652.58 1318.64
2666.49 1362.7
2729.1 1351.11

[OBSTACLE]
2552.88 1251.38
2594.62 1265.29
2650.26 1237.46
2701.27 1216.59
2682.72 1163.25
2594.62 1142.37
2545.92 1195.72

[OBSTACLE]
2710.55 1121.5
2752.28 1200.35
2817.21 1216.59
2900.68 1156.29
2879.81 1079.75
2831.12 998.578
2736.05 1038.01

[OBSTACLE]
2958.64 1314
2947.05 1242.1
2863.58 1225.87
2817.21 1265.29
2826.48 1297.76
2856.62 1358.07

[OBSTACLE]
3069.94 1156.29
3032.84 1091.35
2956.33 1091.35
2933.14 1160.93
2954.01 1200.35
3011.97 1188.76

[OBSTACLE]
2991.11 1044.96
3025.89 1035.69
3065.3 989.301
3007.34 908.127
2896.04 942.916
2854.31 989.301
2928.5 1063.52

[OBSTACLE]
3227.61 1054.24
3171.96 998.578
3107.04 991.621
3062.98 1028.73
3056.03 1068.16
3102.4 1126.14
3167.32 1165.57

[OBSTACLE]
3171.96 935.958
3204.42 894.211
3264.71 824.633
3255.43 764.332
3114 824.633
3049.07 857.103
3039.8 905.808
3095.45 970.747

[OBSTACLE]
3313.4 1056.56
3399.19 1014.81
3336.59 961.47
3290.21 884.934
3248.48 877.976
3216.02 929
3185.87 968.428
3267.03 1024.09

[OBSTACLE]
3484.98 929
3487.3 850.145
3447.88 792.163
3355.14 824.633
3334.27 880.296
3440.93 949.874

[OBSTACLE]
3378.32 773.609
3427.01 748.097
3447.88 676.2
3389.92 657.646
3297.17 720.266
3315.72 792.163

[OBSTACLE]
3596.28 850.145
3691.34 748.097
3614.83 697.073
3549.9 697.073
3491.94 752.736
3484.98 792.163
3568.45 861.742

[OBSTACLE]
3593.96 622.857
3647.29 557.917
3575.41 537.044
3512.8 562.556
3489.62 615.899
3501.21 694.754

[OBSTACLE]
3735.4 748.097
3781.77 762.013
3814.23 704.031
3911.61 659.965
3702.93 574.152
3642.65 597.345
3591.64 662.284
3686.7 694.754

[OBSTACLE]
3737.71 527.767
3781.77 434.996
3730.76 381.653
3658.88 409.484
3612.51 486.02
3677.43 532.405

[OBSTACLE]
3851.33 370.056
3902.34 277.286
3913.93 184.515
3860.6 163.641
3798 349.183

[OBSTACLE]
3638.01 358.46
3767.86 339.906
3800.32 237.858
3770.18 163.641
3695.98 196.111
3624.1 286.563

[OBSTACLE]
3951.03 548.64
3944.07 476.743
3971.9 402.526
3886.11 400.207
3807.27 397.888
3821.19 437.315
3795.68 504.574
3758.58 564.875
3904.66 606.622

[OBSTACLE]
3369.05 618.218
3464.11 567.194
3447.88 483.701
3329.63 421.08
3271.66 564.875

[OBSTACLE]
3573.09 374.695
3545.27 305.117
3433.97 346.864
3440.93 425.719
3559.18 465.146

[OBSTACLE]
3037.48 741.139
3174.28 717.947
3260.07 497.616
2977.19 564.875

[OBSTACLE]
2773.15 912.765
2954.01 764.332
2854.31 634.453
2719.82 715.628
2650.26 894.211

[OBSTACLE]
2344.2 1170.2
2464.77 1105.26
2576.07 1019.45
2436.95 915.085
2318.7 1017.13

[OBSTACLE]
2059.01 1409.09
2195.81 1371.98
2221.31 1186.44
2186.53 1047.28
2072.92 1174.84

[OBSTACLE]
3229.93 323.671
3473.39 249.454
3501.21 110.298
3392.23 77.8284
3216.02 147.406

[OBSTACLE]
2722.14 437.315
2937.78 319.032
2865.9 210.027
2705.91 240.177
2678.09 367.737

[OBSTACLE]
2133.2 200.75
2314.06 309.755
2392.89 214.665
2337.24 165.961
2205.08 121.894
2154.07 156.684

[OBSTACLE]
2358.11 813.037
2411.44 782.886
2520.42 773.609
2529.69 673.881
2511.14 562.556
2423.03 527.767
2344.2 585.748
2170.3 611.26
2093.79 671.561
2158.71 785.206
2300.15 819.995

[OBSTACLE]
2548.24 1961.08
2657.22 1891.5
2715.19 1821.92
2685.04 1743.06
2617.8 1733.79
2566.79 1798.73
2455.5 1944.84

[OBSTACLE]
3014.29 1617.82
3044.44 1538.97
3118.63 1467.07
3222.97 1392.85
3264.71 1246.74
3165.01 1344.15
3076.9 1367.34
2965.6 1434.6
2858.94 1534.33
2912.27 1601.59

[OBSTACLE]
3559.18 1290.81
3644.97 1295.44
3568.45 1186.44
3691.34 1014.81
3589.32 963.789
3447.88 1153.97
3494.26 1170.2

[OBSTACLE]
3056.03 1981.95
3257.75 1814.96
3443.24 1629.42
3243.84 1536.65
3225.29 1671.17
3171.96 1770.9
2942.41 1819.6
2923.86 1963.39

[OBSTACLE]
3777.13 1671.17
3596.28 1571.44
3665.84 1812.64

[OBSTACLE]
2191.12 3880.35
2246.08 3848.28
2287.31 3802.47
2278.14 3710.85
2200.28 3669.63
2163.63 3738.34
2062.86 3852.86
2145.31 3930.74

[OBSTACLE]
2339.56 3685.08
2365.07 3657.25
2397.53 3603.91
2360.43 3562.16
2270 3562.16
2244.5 3592.31
2232.91 3622.46
2279.28 3638.7

[OBSTACLE]
2474.05 3638.7
2513.46 3622.46
2564.47 3571.44
2573.75 3513.46
2501.87 3476.35
2446.22 3476.35
2409.12 3520.41
2411.44 3557.52
2429.99 3583.03

[OBSTACLE]
2302.47 3513.46
2378.98 3501.86
2429.99 3457.79
2418.4 3406.77
2390.57 3339.51
2344.2 3378.94
2272.32 3416.05
2274.64 3460.11

[OBSTACLE]
2566.79 3446.2
2606.21 3439.24
2638.67 3392.85
2613.16 3323.28
2534.33 3269.93
2455.5 3295.44
2423.03 3330.23
2450.86 3374.3
2469.41 3425.32
2513.46 3443.88

[OBSTACLE]
2427.67 3798.73
2453.18 3719.87
2446.22 3675.81
2399.85 3666.53
2365.07 3719.87
2332.61 3747.7
2332.61 3787.13

[OBSTACLE]
2777.79 3425.32
2733.74 3378.94
2659.54 3388.22
2636.35 3476.35
2659.54 3515.78

[OBSTACLE]
2782.43 3320.96
2782.43 3262.98
2712.87 3239.78
2634.03 3265.29
2652.58 3318.64
2666.49 3362.7
2729.1 3351.11

[OBSTACLE]
2552.88 3251.38
2594.62 3265.29
2650.26 3237.46
2701.27 3216.59
2682.72 3163.25
2594.62 3142.37
2545.92 3195.72

[OBSTACLE]
2710.55 3121.5
2752.28 3200.35
2817.21 3216.59
2900.68 3156.29
2879.81 3079.75
2831.12 2998.58
2736.05 3038.01

[OBSTACLE]
2958.64 3314
2947.05 3242.1
2863.58 3225.87
2817.21 3265.29
2826.48 3297.76
2856.62 3358.07

[OBSTACLE]
3069.94 3156.29
3032.84 3091.35
2956.33 3091.35
2933.14 3160.93
2954.01 3200.35
3011.97 3188.76

[OBSTACLE]
2991.11 3044.96
3025.89 3035.69
3065.3 2989.3
3007.34 2908.13
2896.04 2942.92
2854.31 2989.3
2928.5 3063.52

[OBSTACLE]
3227.61 3054.24
3171.96 2998.58
3107.04 2991.62
3062.98 3028.73
3056.03 3068.16
3102.4 3126.14
3167.32 3165.57

[OBSTACLE]
3171.96 2935.96
3204.42 2894.21
3264.71 2824.63
3255.43 2764.33
3114 2824.63
3049.07 2857.1
3039.8 2905.81
3095.45 2970.75

[OBSTACLE]
3313.4 3056.56
3399.19 3014.81
3336.59 2961.47
3290.21 2884.93
3248.48 2877.98
3216.02 2929
3185.87 2968.43
3267.03 3024.09

[OBSTACLE]
3484.98 2929
3487.3 2850.14
3447.88 2792.16
3355.14 2824.63
3334.27 2880.3
3440.93 2949.87

[OBSTACLE]
3378.32 2773.61
3427.01 2748.1
3447.88 2676.2
3389.92 2657.65
3297.17 2720.27
3315.72 2792.16

[OBSTACLE]
3596.28 2850.14
3691.34 2748.1
3614.83 2697.07
3549.9 2697.07
3491.94 2752.74
3484.98 2792.16
3568.45 2861.74

[OBSTACLE]
3593.96 2622.86
3647.29 2557.92
3575.41 2537.04
3512.8 2562.56
3489.62 2615.9
3501.21 2694.75

[OBSTACLE]
3735.4 2748.1
3781.77 2762.01
3814.23 2704.03
3911.61 2659.97
3702.93 2574.15
3642.65 2597.35
3591.64 2662.28
3686.7 2694.75

[OBSTACLE]
3737.71 2527.77
3781.77 2435
3730.76 2381.65
3658.88 2409.48
3612.51 2486.02
3677.43 2532.4

[OBSTACLE]
3851.33 2370.06
3902.34 2277.29
3913.93 2184.51
3860.6 2163.64
3798 2349.18

[OBSTACLE]
3638.01 2358.46
3767.86 2339.91
3800.32 2237.86
3770.18 2163.64
3695.98 2196.11
3624.1 2286.56

[OBSTACLE]
3951.03 2548.64
3944.07 2476.74
3971.9 2402.53
3886.11 2400.21
3807.27 2397.89
3821.19 2437.32
3795.68 2504.57
3758.58 2564.88
3904.66 2606.62

[OBSTACLE]
3369.05 2618.22
3464.11 2567.19
3447.88 2483.7
3329.63 2421.08
3271.66 2564.88

[OBSTACLE]
3573.09 2374.7
3545.27 2305.12
3433.97 2346.86
3440.93 2425.72
3559.18 2465.15

[OBSTACLE]
3037.48 2741.14
3174.28 2717.95
3260.07 2497.62
2977.19 2564.88

[OBSTACLE]
2773.15 2912.76
2954.01 2764.33
2854.31 2634.45
2719.82 2715.63
2650.26 2894.21

[OBSTACLE]
2344.2 3170.2
2464.77 3105.26
2576.07 3019.45
2436.95 2915.09
2318.7 3017.13

[OBSTACLE]
2059.01 3409.09
2195.81 3371.98
2221.31 3186.44
2186.53 3047.28
2072.92 3174.84

[OBSTACLE]
3229.93 2323.67
3473.39 2249.45
3501.21 2110.3
3392.23 2077.83
3216.02 2147.41

[OBSTACLE]
2722.14 2437.32
2937.78 2319.03
2865.9 2210.03
2705.91 2240.18
2678.09 2367.74

[OBSTACLE]
2133.2 2200.75
2314.06 2309.76
2392.89 2214.66
2337.24 2165.96
2205.08 2121.89
2154.07 2156.68

[OBSTACLE]
2358.11 2813.04
2411.44 2782.89
2520.42 2773.61
2529.69 2673.88
2511.14 2562.56
2423.03 2527.77
2344.2 2585.75
2170.3 2611.26
2093.79 2671.56
2158.71 2785.21
2300.15 2819.99

[OBSTACLE]
2548.24 3961.08
2657.22 3891.5
2715.19 3821.92
2685.04 3743.06
2617.8 3733.79
2566.79 3798.73
2455.5 3944.84

[OBSTACLE]
3014.29 3617.82
3044.44 3538.97
3118.63 3467.07
3222.97 3392.85
3264.71 3246.74
3165.01 3344.15
3076.9 3367.34
2965.6 3434.6
2858.94 3534.33
2912.27 3601.59

[OBSTACLE]
3559.18 3290.81
3644.97 3295.44
3568.45 3186.44
3691.34 3014.81
3589.32 2963.79
3447.88 3153.97
3494.26 3170.2

[OBSTACLE]
3056.03 3981.95
3257.75 3814.96
3443.24 3629.42
3243.84 3536.65
3225.29 3671.17
3171.96 3770.9
2942.41 3819.6
2923.86 3963.39

[OBSTACLE]
3777.13 3671.17
3596.28 3571.44
3665.84 3812.64

[OBSTACLE]
191.116 3880.35
246.082 3848.28
287.306 3802.47
278.145 3710.85
200.277 3669.63
163.634 3738.34
62.8642 3852.86
145.312 3930.74

[OBSTACLE]
339.563 3685.08
365.069 3657.25
397.53 3603.91
360.431 3562.16
270.004 3562.16
244.498 3592.31
232.905 3622.46
279.278 3638.7

[OBSTACLE]
474.046 3638.7
513.463 3622.46
564.473 3571.44
573.748 3513.46
501.87 3476.35
446.222 3476.35
409.123 3520.41
411.442 3557.52
429.991 3583.03

[OBSTACLE]
302.465 3513.46
378.981 3501.86
429.991 3457.79
418.398 3406.77
390.574 3339.51
344.201 3378.94
272.322 3416.05
274.641 3460.11

[OBSTACLE]
566.792 3446.2
606.209 3439.24
638.67 3392.85
613.165 3323.28
534.331 3269.93
455.496 3295.44
423.035 3330.23
450.859 3374.3
469.408 3425.32
513.463 3443.88

[OBSTACLE]
427.672 3798.73
453.178 3719.87
446.222 3675.81
399.849 3666.53
365.069 3719.87
332.607 3747.7
332.607 3787.13

[OBSTACLE]
777.79 3425.32
733.735 3378.94
659.538 3388.22
636.352 3476.35
659.538 3515.78

[OBSTACLE]
782.427 3320.96
782.427 3262.98
712.867 3239.78
634.033 3265.29
652.582 3318.64
666.494 3362.7
729.098 3351.11

[OBSTACLE]
552.88 3251.38
594.616 3265.29
650.264 3237.46
701.274 3216.59
682.725 3163.25
594.616 3142.37
545.924 3195.72

[OBSTACLE]
710.549 3121.5
752.285 3200.35
817.207 3216.59
900.679 3156.29
879.811 3079.75
831.119 2998.58
736.054 3038.01

[OBSTACLE]
958.645 3314
947.052 3242.1
863.58 3225.87
817.207 3265.29
826.482 3297.76
856.624 3358.07

[OBSTACLE]
1069.94 3156.29
1032.84 3091.35
956.327 3091.35
933.14 3160.93
954.008 3200.35
1011.97 3188.76

[OBSTACLE]
991.106 3044.96
1025.89 3035.69
1065.3 2989.3
1007.34 2908.13
896.041 2942.92
854.306 2989.3
928.503 3063.52

[OBSTACLE]
1227.61 3054.24
1171.96 2998.58
1107.04 2991.62
1062.98 3028.73
1056.03 3068.16
1102.4 3126.14
1167.32 3165.57

[OBSTACLE]
1171.96 2935.96
1204.42 2894.21
1264.71 2824.63
1255.43 2764.33
1114 2824.63
1049.07 2857.1
1039.8 2905.81
1095.45 2970.75

[OBSTACLE]
1313.4 3056.56
1399.19 3014.81
1336.59 2961.47
1290.21 2884.93
1248.48 2877.98
1216.02 2929
1185.87 2968.43
1267.03 3024.09

[OBSTACLE]
1484.98 2929
1487.3 2850.14
1447.88 2792.16
1355.14 2824.63
1334.27 2880.3
1440.93 2949.87

[OBSTACLE]
1378.32 2773.61
1427.01 2748.1
1447.88 2676.2
1389.92 2657.65
1297.17 2720.27
1315.72 2792.16

[OBSTACLE]
1596.28 2850.14
1691.34 2748.1
1614.83 2697.07
1549.9 2697.07
1491.94 2752.74
1484.98 2792.16
1568.45 2861.74

[OBSTACLE]
1593.96 2622.86
1647.29 2557.92
1575.41 2537.04
1512.8 2562.56
1489.62 2615.9
1501.21 2694.75

[OBSTACLE]
1735.4 2748.1
1781.77 2762.01
1814.23 2704.03
1911.61 2659.97
1702.93 2574.15
1642.65 2597.35
1591.64 2662.28
1686.7 2694.75

[OBSTACLE]
1737.71 2527.77
1781.77 2435
1730.76 2381.65
1658.88 2409.48
1612.51 2486.02
1677.43 2532.4

[OBSTACLE]
1851.33 2370.06
1902.34 2277.29
1913.93 2184.51
1860.6 2163.64
1798 2349.18

[OBSTACLE]
1638.01 2358.46
1767.86 2339.91
1800.32 2237.86
1770.18 2163.64
1695.98 2196.11
1624.1 2286.56

[OBSTACLE]
1951.03 2548.64
1944.07 2476.74
1971.9 2402.53
1886.11 2400.21
1807.27 2397.89
1821.19 2437.32
1795.68 2504.57
1758.58 2564.88
1904.66 2606.62

[OBSTACLE]
1369.05 2618.22
1464.11 2567.19
1447.88 2483.7
1329.63 2421.08
1271.66 2564.88

[OBSTACLE]
1573.09 2374.7
1545.27 2305.12
1433.97 2346.86
1440.93 2425.72
1559.18 2465.15

[OBSTACLE]
1037.48 2741.14
1174.28 2717.95
1260.07 2497.62
977.194 2564.88

[OBSTACLE]
773.153 2912.76
954.008 2764.33
854.306 2634.45
719.823 2715.63
650.264 2894.21

[OBSTACLE]
344.201 3170.2
464.771 3105.26
576.067 3019.45
436.947 2915.09
318.696 3017.13

[OBSTACLE]
59.0058 3409.09
195.807 3371.98
221.312 3186.44
186.532 3047.28
72.9178 3174.84

[OBSTACLE]
1229.93 2323.67
1473.39 2249.45
1501.21 2110.3
1392.23 2077.83
1216.02 2147.41

[OBSTACLE]
722.142 2437.32
937.777 2319.03
865.899 2210.03
705.911 2240.18
678.088 2367.74

[OBSTACLE]
133.203 2200.75
314.058 2309.76
392.893 2214.66
337.245 2165.96
205.081 2121.89
154.071 2156.68

[OBSTACLE]
358.113 2813.04
411.442 2782.89
520.419 2773.61
529.693 2673.88
511.144 2562.56
423.035 2527.77
344.201 2585.75
170.301 2611.26
93.7857 2671.56
158.708 2785.21
300.146 2819.99

[OBSTACLE]
548.243 3961.08
657.22 3891.5
715.186 3821.92
685.044 3743.06
617.802 3733.79
566.792 3798.73
455.496 3944.84

[OBSTACLE]
1014.29 3617.82
1044.44 3538.97
1118.63 3467.07
1222.97 3392.85
1264.71 3246.74
1165.01 3344.15
1076.9 3367.34
965.601 3434.6
858.943 3534.33
912.272 3601.59

[OBSTACLE]
1559.18 3290.81
1644.97 3295.44
1568.45 3186.44
1691.34 3014.81
1589.32 2963.79
1447.88 3153.97
1494.26 3170.2

[OBSTACLE]
1056.03 3981.95
1257.75 3814.96
1443.24 3629.42
1243.84 3536.65
1225.29 3671.17
1171.96 3770.9
942.415 3819.6
923.865 3963.39

[OBSTACLE]
1777.13 3671.17
1596.28 3571.44
1665.84 3812.64

[OBSTACLE]
4191.12 5880.35
4246.08 5848.28
4287.31 5802.47
4278.15 5710.85
4200.28 5669.63
4163.63 5738.34
4062.86 5852.86
4145.31 5930.74

[OBSTACLE]
4339.56 5685.08
4365.07 5657.25
4397.53 5603.91
4360.43 5562.16
4270 5562.16
4244.5 5592.31
4232.9 5622.46
4279.28 5638.7

[OBSTACLE]
4474.05 5638.7
4513.46 5622.46
4564.47 5571.44
4573.75 5513.46
4501.87 5476.35
4446.22 5476.35
4409.12 5520.41
4411.44 5557.52
4429.99 5583.03

[OBSTACLE]
4302.47 5513.46
4378.98 5501.86
4429.99 5457.79
4418.4 5406.77
4390.57 5339.51
4344.2 5378.94
4272.32 5416.05
4274.64 5460.11

[OBSTACLE]
4566.79 5446.2
4606.21 5439.24
4638.67 5392.85
4613.16 5323.28
4534.33 5269.93
4455.5 5295.44
4423.03 5330.23
4450.86 5374.3
4469.41 5425.32
4513.46 5443.88

[OBSTACLE]
4427.67 5798.73
4453.18 5719.87
4446.22 5675.81
4399.85 5666.53
4365.07 5719.87
4332.61 5747.7
4332.61 5787.13

[OBSTACLE]
4777.79 5425.32
4733.73 5378.94
4659.54 5388.22
4636.35 5476.35
4659.54 5515.78

[OBSTACLE]
4782.43 5320.96
4782.43 5262.98
4712.87 5239.78
4634.03 5265.29
4652.58 5318.64
4666.49 5362.7
4729.1 5351.11

[OBSTACLE]
4552.88 5251.38
4594.62 5265.29
4650.26 5237.46
4701.27 5216.59
4682.73 5163.25
4594.62 5142.37
4545.92 5195.72

[OBSTACLE]
4710.55 5121.5
4752.28 5200.35
4817.21 5216.59
4900.68 5156.29
4879.81 5079.75
4831.12 4998.58
4736.05 5038.01

[OBSTACLE]
4958.65 5314
4947.05 5242.1
4863.58 5225.87
4817.21 5265.29
4826.48 5297.76
4856.62 5358.07

[OBSTACLE]
5069.94 5156.29
5032.84 5091.35
4956.33 5091.35
4933.14 5160.93
4954.01 5200.35
5011.97 5188.76

[OBSTACLE]
4991.11 5044.96
5025.89 5035.69
5065.3 4989.3
5007.34 4908.13
4896.04 4942.92
4854.31 4989.3
4928.5 5063.52

[OBSTACLE]
5227.61 5054.24
5171.96 4998.58
5107.04 4991.62
5062.98 5028.73
5056.03 5068.16
5102.4 5126.14
5167.32 5165.57

[OBSTACLE]
5171.96 4935.96
5204.42 4894.21
5264.71 4824.63
5255.43 4764.33
5114 4824.63
5049.07 4857.1
5039.8 4905.81
5095.45 4970.75

[OBSTACLE]
5313.4 5056.56
5399.19 5014.81
5336.59 4961.47
5290.21 4884.93
5248.48 4877.98
5216.02 4929
5185.87 4968.43
5267.03 5024.09

[OBSTACLE]
5484.98 4929
5487.3 4850.15
5447.88 4792.16
5355.14 4824.63
5334.27 4880.3
5440.93 4949.87

[OBSTACLE]
5378.32 4773.61
5427.01 4748.1
5447.88 4676.2
5389.92 4657.65
5297.17 4720.27
5315.72 4792.16

[OBSTACLE]
5596.28 4850.15
5691.34 4748.1
5614.83 4697.07
5549.9 4697.07
5491.94 4752.74
5484.98 4792.16
5568.45 4861.74

[OBSTACLE]
5593.96 4622.86
5647.29 4557.92
5575.41 4537.04
5512.8 4562.56
5489.62 4615.9
5501.21 4694.75

[OBSTACLE]
5735.4 4748.1
5781.77 4762.01
5814.23 4704.03
5911.61 4659.97
5702.93 4574.15
5642.65 4597.35
5591.64 4662.28
5686.7 4694.75

[OBSTACLE]
5737.71 4527.77
5781.77 4435
5730.76 4381.65
5658.88 4409.48
5612.51 4486.02
5677.43 4532.4

[OBSTACLE]
5851.33 4370.06
5902.34 4277.29
5913.93 4184.52
5860.6 4163.64
5798 4349.18

[OBSTACLE]
5638.01 4358.46
5767.86 4339.91
5800.32 4237.86
5770.18 4163.64
5695.98 4196.11
5624.1 4286.56

[OBSTACLE]
5951.03 4548.64
5944.07 4476.74
5971.9 4402.53
5886.11 4400.21
5807.27 4397.89
5821.19 4437.31
5795.68 4504.57
5758.58 4564.88
5904.66 4606.62

[OBSTACLE]
5369.05 4618.22
5464.11 4567.19
5447.88 4483.7
5329.63 4421.08
5271.66 4564.88

[OBSTACLE]
5573.09 4374.69
5545.27 4305.12
5433.97 4346.86
5440.93 4425.72
5559.18 4465.15

[OBSTACLE]
5037.48 4741.14
5174.28 4717.95
5260.07 4497.62
4977.19 4564.88

[OBSTACLE]
4773.15 4912.77
4954.01 4764.33
4854.31 4634.45
4719.82 4715.63
4650.26 4894.21

[OBSTACLE]
4344.2 5170.2
4464.77 5105.26
4576.07 5019.45
4436.95 4915.09
4318.7 5017.13

[OBSTACLE]
4059.01 5409.09
4195.81 5371.98
4221.31 5186.44
4186.53 5047.28
4072.92 5174.84

[OBSTACLE]
5229.93 4323.67
5473.39 4249.45
5501.21 4110.3
5392.23 4077.83
5216.02 4147.41

[OBSTACLE]
4722.14 4437.31
4937.78 4319.03
4865.9 4210.03
4705.91 4240.18
4678.09 4367.74

[OBSTACLE]
4133.2 4200.75
4314.06 4309.76
4392.89 4214.66
4337.24 4165.96
4205.08 4121.89
4154.07 4156.68

[OBSTACLE]
4358.11 4813.04
4411.44 4782.89
4520.42 4773.61
4529.69 4673.88
4511.14 4562.56
4423.03 4527.77
4344.2 4585.75
4170.3 4611.26
4093.79 4671.56
4158.71 4785.21
4300.15 4819.99

[OBSTACLE]
4548.24 5961.08
4657.22 5891.5
4715.19 5821.92
4685.04 5743.06
4617.8 5733.79
4566.79 5798.73
4455.5 5944.84

[OBSTACLE]
5014.29 5617.82
5044.44 5538.97
5118.63 5467.07
5222.97 5392.85
5264.71 5246.74
5165.01 5344.15
5076.9 5367.34
4965.6 5434.6
4858.94 5534.33
4912.27 5601.59

[OBSTACLE]
5559.18 5290.81
5644.97 5295.44
5568.45 5186.44
5691.34 5014.81
5589.32 4963.79
5447.88 5153.97
5494.26 5170.2

[OBSTACLE]
5056.03 5981.95
5257.75 5814.96
5443.24 5629.42
5243.84 5536.65
5225.29 5671.17
5171.96 5770.9
4942.41 5819.6
4923.86 5963.39

[OBSTACLE]
5777.13 5671.17
5596.28 5571.44
5665.84 5812.64

