[SCALE]
1

[BORDER]
0 0
2000 0
2000 2000
0 2000

[OBSTACLE]
145.312 1930.74
62.8642 1852.86
163.634 1738.34
200.277 1669.63
278.145 1710.85
287.306 1802.47
246.082 1848.28
191.116 1880.35

[OBSTACLE]
279.278 1638.7
232.905 1622.46
244.498 1592.31
270.004 1562.16
360.431 1562.16
397.53 1603.91
365.069 1657.25
339.563 1685.08

[OBSTACLE]
429.991 1583.03
411.442 1557.52
409.123 1520.41
446.222 1476.35
501.87 1476.35
573.748 1513.46
564.473 1571.44
513.463 1622.46
474.046 1638.7

[OBSTACLE]
302.465 1513.46
378.981 1501.86
429.991 1457.79
418.398 1406.77
390.574 1339.51
344.201 1378.94
272.322 1416.05
274.641 1460.11

[OBSTACLE]
513.463 1443.88
469.408 1425.32
450.859 1374.3
423.035 1330.23
455.496 1295.44
534.331 1269.93
613.165 1323.28
638.67 1392.85
606.209 1439.24
566.792 1446.2

[OBSTACLE]
332.607 1787.13
332.607 1747.7
365.069 1719.87
399.849 1666.53
446.222 1675.81
453.178 1719.87
427.672 1798.73

[OBSTACLE]
659.538 1515.78
636.352 1476.35
659.538 1388.22
733.735 1378.94
777.79 1425.32

[OBSTACLE]
729.098 1351.11
666.494 1362.7
652.582 1318.64
634.033 1265.29
712.867 1239.78
782.427 1262.98
782.427 1320.96

[OBSTACLE]
552.88 1251.38
594.616 1265.29
650.264 1237.46
701.274 1216.59
682.725 1163.25
594.616 1142.37
545.924 1195.72

[OBSTACLE]
710.549 1121.5
752.285 1200.35
817.207 1216.59
900.679 1156.29
879.811 1079.75
831.119 998.578
736.054 1038.01

[OBSTACLE]
856.624 1358.07
826.482 1297.76
817.207 1265.29
863.58 1225.87
947.052 1242.1
958.645 1314

[OBSTACLE]
1011.97 1188.76
954.008 1200.35
933.14 1160.93
956.327 1091.35
1032.84 1091.35
1069.94 1156.29

[OBSTACLE]
928.503 1063.52
854.306 989.301
896.041 942.916
1007.34 908.127
1065.3 989.301
1025.89 1035.69
991.106 1044.96

[OBSTACLE]
1167.32 1165.57
1102.4 1126.14
1056.03 1068.16
1062.98 1028.73
1107.04 991.621
1171.96 998.578
1227.61 1054.24

[OBSTACLE]
1095.45 970.747
1039.8 905.808
1049.07 857.103
1114 824.633
1255.43 764.332
1264.71 824.633
1204.42 894.211
1171.96 935.958

[OBSTACLE]
1267.03 1024.09
1185.87 968.428
1216.02 929
1248.48 877.976
1290.21 884.934
1336.59 961.47
1399.19 1014.81
1313.4 1056.56

[OBSTACLE]
1440.93 949.874
1334.27 880.296
1355.14 824.633
1447.88 792.163
1487.3 850.145
1484.98 929

[OBSTACLE]
1315.72 792.163
1297.17 720.266
1389.92 657.646
1447.88 676.2
1427.01 748.097
1378.32 773.609

[OBSTACLE]
1568.45 861.742
1484.98 792.163
1491.94 752.736
1549.9 697.073
1614.83 697.073
1691.34 748.097
1596.28 850.145

[OBSTACLE]
1501.21 694.754
1489.62 615.899
1512.8 562.556
1575.41 537.044
1647.29 557.917
1593.96 622.857

[OBSTACLE]
1686.7 694.754
1591.64 662.284
1642.65 597.345
1702.93 574.152
1911.61 659.965
1814.23 704.031
1781.77 762.013
1735.4 748.097

[OBSTACLE]
1677.43 532.405
1612.51 486.02
1658.88 409.484
1730.76 381.653
1781.77 434.996
1737.71 527.767

[OBSTACLE]
1798 349.183
1860.6 163.641
1913.93 184.515
1902.34 277.286
1851.33 370.056

[OBSTACLE]
1638.01 358.46
1767.86 339.906
1800.32 237.858
1770.18 163.641
1695.98 196.111
1624.1 286.563

[OBSTACLE]
1904.66 606.622
1758.58 564.875
1795.68 504.574
1821.19 437.315
1807.27 397.888
1886.11 400.207
1971.9 402.526
1944.07 476.743
1951.03 548.64

[OBSTACLE]
1369.05 618.218
1464.11 567.194
1447.88 483.701
1329.63 421.08
1271.66 564.875

[OBSTACLE]
1559.18 465.146
1440.93 425.719
1433.97 346.864
1545.27 305.117
1573.09 374.695

[OBSTACLE]
1037.48 741.139
1174.28 717.947
1260.07 497.616
977.194 564.875

[OBSTACLE]
773.153 912.765
954.008 764.332
854.306 634.453
719.823 715.628
650.264 894.211

[OBSTACLE]
344.201 1170.2
464.771 1105.26
576.067 1019.45
436.947 915.085
318.696 1017.13

[OBSTACLE]
59.0058 1409.09
195.807 1371.98
221.312 1186.44
186.532 1047.28
72.9178 1174.84

[OBSTACLE]
1229.93 323.671
1473.39 249.454
1501.21 110.298
1392.23 77.8284
1216.02 147.406

[OBSTACLE]
722.142 437.315
937.777 319.032
865.899 210.027
705.911 240.177
678.088 367.737

[OBSTACLE]
133.203 200.75
314.058 309.755
392.893 214.665
337.245 165.961
205.081 121.894
154.071 156.684

[OBSTACLE]
300.146 819.995
158.708 785.206
93.7857 671.561
170.301 611.26
344.201 585.748
423.035 527.767
511.144 562.556
529.693 673.881
520.419 773.609
411.442 782.886
358.113 813.037

[OBSTACLE]
455.496 1944.84
566.792 1798.73
617.802 1733.79
685.044 1743.06
715.186 1821.92
657.22 1891.5
548.243 1961.08

[OBSTACLE]
912.272 1601.59
858.943 1534.33
965.601 1434.6
1076.9 1367.34
1165.01 1344.15
1264.71 1246.74
1222.97 1392.85
1118.63 1467.07
1044.44 1538.97
1014.29 1617.82

[OBSTACLE]
1494.26 1170.2
1447.88 1153.97
1589.32 963.789
1691.34 1014.81
1568.45 1186.44
1644.97 1295.44
1559.18 1290.81

[OBSTACLE]
923.865 1963.39
942.415 1819.6
1171.96 1770.9
1225.29 1671.17
1243.84 1536.65
1443.24 1629.42
1257.75 1814.96
1056.03 1981.95

[OBSTACLE]
1665.84 1812.64
1596.28 1571.44
1777.13 1671.17
