[SCALE]
1

[BORDER]
0 0
34 0
34 34
0 34

[OBSTACLE]
28.96 7.03998
29.1822 7.03998
28.96 9.91998
29.3576 10.8477
29.12 12
30.24 11.68
32.6099 7.60806
33.31 8.01227
33.6 8.27335
33.6 20.6955
33.31 20.9565
32.5386 21.4019
30.56 17.92
29.12 17.28
28 18.24
27.68 19.2
27.0657 22.3223
26.9445 22.3096
25.3539 21.7928
23.9055 20.9565
23.7449 20.812
24 20.48
24 19.8347
24.96 18.72
23.04 18.08
22.08 17.92
21.552 18.1979
20.9993 16.9565
20.7748 15.9006
22.88 15.52
25.76 14.72
24.64 13.6
20.8418 12.7534
20.9993 12.0123
21.1207 11.7395
22.24 11.04
22.1121 9.88904
22.6626 9.13138
23.5762 8.30875
25.28 10.4
25.92 9.59998
26.56 8.63998
26.4 7.84
26.0989 6.93396
26.9445 6.65924
28.5059 6.49512

[OBSTACLE]
12.1938 7.87979
13.7844 8.39661
15.2328 9.23285
16.4756 10.3519
17.4587 11.705
17.61 12.0449
15.84 12.96
15.04 13.76
15.36 14.72
18.3264 14.115
18.4866 14.8687
18.4866 16.5412
18.1389 18.1771
17.4587 19.705
17.4101 19.7719
15.36 18.56
14.4 18.56
13.6 19.52
14.08 20.16
14.56 20.8
15.476 21.9581
15.2328 22.1771
13.7844 23.0133
12.1938 23.5302
10.5305 23.705
9.9726 23.6463
10.24 19.84
10.4 17.28
9.91998 17.12
7.36499 23.0421
7.27658 23.0133
5.82819 22.1771
4.5853 21.058
3.60226 19.705
3.35214 19.1432
6.23999 17.76
7.19998 17.28
7.03998 16
5.28 16
2.57428 16.152
2.57428 14.8687
2.92203 13.2328
3.60226 11.705
4.17282 10.9197
4.63998 11.2
5.59998 9.75998
6.71997 8.79999
6.68564 8.73779
7.27658 8.39661
7.57867 8.29846
8.47998 10.56
9.28 11.84
9.59998 12.16
10.56 12.16
10.88 11.36
11.1686 7.77206

[OBSTACLE]
21.6 18.72
22.1625 19.62
22.08 20.64
23.04 20.8
24 20.48
26.1758 17.144
26.5252 17.3457
27.7681 18.4648
27.8757 18.6129
27.68 19.2
28.7233 19.7796
28.7511 19.8178
29.4313 21.3457
29.7791 22.9816
29.7791 24.6541
29.5696 25.6396
27.36 25.12
25.92 25.28
25.12 25.12
24.48 26.08
27.899 28.9908
27.7681 29.1709
26.5252 30.29
25.0768 31.1262
23.4862 31.643
21.8229 31.8178
20.1596 31.643
19.1361 31.3105
19.52 30.24
19.04 29.44
19.2 28.48
18.88 28.16
17.76 28.48
16.595 29.8167
15.8777 29.1709
14.8947 27.8178
14.5701 27.0888
20 24.64
20.16 23.68
18.72 23.2
14.0193 22.2639
14.2144 21.3457
14.4734 20.764
14.56 20.8
15.2 20.32
16.32 19.68
15.6028 18.8433
15.8777 18.4648
17.1206 17.3457
18.569 16.5095
20.1596 15.9927
21.4747 15.8544

[OBSTACLE]
22.4873 1.85464
23.5809 2.83929
23.2 3.19998
23.68 4.31998
24.8393 4.6098
25.3935 5.85464
25.7412 7.49054
25.7412 8.00467
25.12 8.15997
24.48 8.95999
25.12 9.75998
25.2529 10.2915
20.8 9.12
19.84 9.59998
20.8 11.04
20.96 11.84
22.8588 13.9411
22.56 14.24
22.6607 14.6428
22.4873 14.7989
21.039 15.6351
19.4484 16.1519
17.7851 16.3268
16.7585 16.2189
17.12 13.44
16.96 12.64
15.84 12.96
15.04 13.76
14.1916 15.4391
13.0828 14.7989
11.8399 13.6798
10.8569 12.3268
10.6653 11.8966
10.88 11.36
10.72 10.4
10.0747 10.3193
9.82889 9.16299
9.82889 7.49054
10.1766 5.85464
10.7728 4.51553
14.24 6.39999
15.84 5.59998
13.1434 1.81964
13.5239 1.59998
22.0463 1.59998

[OBSTACLE]
12.4101 21.0855
13.8322 21.5476
12 25.92
12.8 27.04
13.6 27.04
17.408 24.5432
17.675 24.9107
18.3553 26.4386
18.703 28.0745
18.703 28.2105
17.76 28.48
17.4125 29.0591
12.96 28.96
11.84 29.28
11.68 30.24
14.0388 33.6
4.31937 33.6
3.8186 32.9107
3.13834 31.3829
3.13687 31.3759
3.67999 31.2
5.91998 30.24
4.79999 28.8
3.19998 28.64
2.79062 28.6253
2.79062 28.0745
3.13834 26.4386
3.8186 24.9107
4.80164 23.5577
5.32874 23.0831
7.51999 25.44
8.31998 26.08
9.43997 25.6
8.9314 24.3115
9.12 23.84
8.31628 21.3348
9.0835 21.0855
10.7468 20.9107

[OBSTACLE]
33.6 10.1183
33.2255 10.24
31.5622 10.4148
30.8263 10.3374
30.88 9.75998
30.24 9.43997
28.96 9.91998
28.9554 9.93338
28.564 9.80621
30.4 5.28
28.96 4.79999
28 4.95999
25.0885 7.04025
24.634 6.41479
23.9894 4.9671
24.96 4.63998
25.28 3.19998
24.32 2.87997
23.606 2.92584
23.606 1.59998
33.6 1.59998

[OBSTACLE]
3.99219 10.8113
4.63998 11.2
4.82205 10.9269
6.28342 11.4017
6.44266 11.4937
4.15997 16.32
4.31998 17.6
4.79999 18.4
9.87891 17.5103
9.59998 20.16
10.799 20.4246
10.638 21.1823
9.95773 22.7101
9.13043 23.8488
9.12 23.84
8.15997 23.52
7.84 24.64
7.59042 25.2639
6.28342 26.0185
4.69284 26.5353
3.02954 26.7101
1.59998 26.5598
1.59998 10.8604
3.02954 10.7101

[OBSTACLE]
29.12 20
29.865 19.5033
31.3263 19.9781
32.7747 20.8144
33.6 21.5574
33.6 33.0156
32.9509 33.6
23.1939 33.6
22.1273 32.6396
21.1442 31.2865
20.464 29.7586
20.1163 28.1227
20.1163 26.4503
20.197 26.0703
25.44 26.88
25.92 26.72
26.72 26.88
27.2 25.76
27.36 25.12
25.587 19.7285
26.4091 19.4613
27.8734 19.3074

[OBSTACLE]
17.4777 22.4867
17.28 24.16
18.56 24.96
19.2 24.8
20 24.64
20.644 23.5687
20.8231 23.672
17.76 28.48
17.28 29.28
17.76 30.24
18.24 30.72
24.3536 31.9148
24.1525 32.8607
23.8234 33.6
9.26477 33.6
8.94855 32.8898
14.08 31.2
14.4 30.08
12.96 28.96
9.14755 27.4404
9.61588 26.3885
10.5831 25.0573
12.8 27.04
13.6 27.04
13.92 26.24
14.88 25.92
15.2 24.96
14.627 22.6458
14.8808 22.5634
16.5441 22.3885

[OBSTACLE]
14.8177 1.81149
14.8177 3.48395
14.5589 4.70135
13.12 4.47998
13.184 4.92807
9.28 3.51999
8.31998 3.51999
8 4.15997
8.47998 5.43997
10.8513 9.53119
10.1154 9.95609
8.52481 10.4729
6.86154 10.6477
6.67792 10.6284
6.71997 8.79999
4.63998 8.15997
3.19998 9.43997
3.08456 9.65408
2.15924 9.11984
1.59998 8.61627
1.59998 1.59998
14.7728 1.59998

[OBSTACLE]
17.8062 2.30429
19.3968 2.82111
20.8452 3.65735
22.0881 4.77643
23.0711 6.12949
23.7514 7.65735
23.9186 8.444
20.8 9.12
19.84 9.59998
20.8 11.04
20.96 11.84
23.6631 12.7999
23.3771 13.4421
23.36 13.44
22.56 14.24
22.6703 14.6812
22.0881 15.4825
20.8452 16.6016
19.3968 17.4378
18.6052 17.695
16.96 12.64
15.84 12.96
15.04 13.76
13.8298 17.7435
12.889 17.4378
11.4406 16.6016
10.1978 15.4825
9.21472 14.1295
8.64752 12.8555
10.56 12.16
10.88 11.36
10.72 10.4
9.43997 10.24
8.18674 10.2607
8.18674 9.29324
8.53445 7.65735
9.21472 6.12949
9.25641 6.07211
9.75998 6.23999
10.08 4.95999
10.0732 4.94781
10.1978 4.77643
11.4406 3.65735
11.8886 3.39868
13.28 5.59998
14.24 6.39999
15.84 5.59998
15.6116 2.18533
16.1429 2.12949

[OBSTACLE]
3.26401 21.1347
4.85461 21.6515
6.30298 22.4877
7.54587 23.6068
7.96884 24.189
7.84 24.64
7.51999 25.44
8.31998 26.08
8.91422 25.8253
9.20917 26.4877
9.40292 27.3993
3.19998 28.64
2.71997 30.08
3.67999 31.2
5.90765 33.6
1.59998 33.6
1.59998 20.96
1.60071 20.9599

[OBSTACLE]
23.2 3.19998
23.68 4.31998
24.96 4.63998
28.9163 2.86453
29.266 3.64987
29.4865 4.68762
28 4.95999
28.16 6.07999
28.96 7.03998
29.5797 7.11789
29.266 8.59415
29.157 8.83875
26.4 7.84
25.12 8.15997
24.48 8.95999
25.12 9.75998
25.28 10.4
26.8013 12.1966
26.3598 12.5941
24.9114 13.4304
24.4591 13.5774
23.36 13.44
22.7978 14.0022
22.617 14.0212
22.08 9.59998
20.8 9.12
19.84 9.59998
17.9693 13.1796
16.9552 12.5941
15.7124 11.4751
14.7293 10.122
14.0491 8.59415
13.7014 6.95825
13.7014 6.42017
14.24 6.39999
15.84 5.59998
15.2 4.79999
13.8628 4.52625
14.0491 3.64987
14.7293 2.12201
15.1086 1.59998
24.0446 1.59998

[OBSTACLE]
8.79999 5.91998
9.75998 6.23999
9.79706 6.19995
10.3349 6.68423
11.318 8.03729
11.8924 9.32751
8.47998 10.56
9.28 11.84
9.59998 12.16
12.3459 12.2246
12.3459 12.8735
11.9982 14.5094
11.318 16.0373
10.4092 17.2881
10.4 17.28
9.91998 17.12
9.84509 17.8314
9.09204 18.5094
8.82239 18.6651
7.03998 16
5.28 16
4.15997 16.32
3.96295 19.9924
2.72647 19.8625
1.59998 19.4964
1.59998 5.94714
3.19998 9.43997
3.84 10.72
4.63998 11.2
5.59998 9.75998
6.71997 8.79999
8.79663 5.91498

[OBSTACLE]
18.3551 11.6006
19.9457 12.1175
21.3941 12.9537
22.637 14.0728
22.675 14.125
22.56 14.24
22.88 15.52
23.5527 15.3331
23.6201 15.4258
24.3003 16.9537
24.3697 17.2801
22.08 17.92
21.6 18.72
22.4 20
22.08 20.64
24.454 21.1749
24.3003 21.8979
23.6201 23.4258
22.637 24.7789
21.7252 25.5999
20.16 23.68
18.72 23.2
17.6 23.36
17.28 24.16
17.6729 27.3227
16.6919 27.4258
15.0286 27.251
14.6183 27.1177
15.2 24.96
14.08 24.8
12.48 25.12
11.9385 25.852
10.7467 24.7789
10.1206 23.9171
16.32 19.68
15.36 18.56
10.0123 15.0835
10.7467 14.0728
11.9896 12.9537
13.438 12.1175
14.4639 11.7841
15.04 13.76
15.36 14.72
16.16 14.24
17.12 13.44
17.2598 11.4855

[OBSTACLE]
33.6 9.431
33.6 25.3284
33.1118 25.3797
31.4486 25.2049
29.858 24.688
28.4096 23.8518
27.1667 22.7327
26.4531 21.7505
29.12 20
30.56 19.04
30.56 17.92
29.12 17.28
25.1557 17.181
25.1557 16.5435
25.5034 14.9076
25.5625 14.7748
25.76 14.72
25.6403 14.6003
26.1837 13.3797
27.1667 12.0266
28.3495 10.9616
29.12 12
30.24 11.68
30.24 10.56
30.88 9.75998
30.8744 9.74106
31.4486 9.5545
33.1118 9.3797

[OBSTACLE]
18.8771 3.03467
18.8771 4.70712
18.696 5.55908
15.2 4.79999
13.12 4.47998
13.28 5.59998
14.24 6.39999
17.2509 8.69431
16.8661 9.22394
15.6232 10.343
14.1748 11.1793
12.5843 11.6961
10.921 11.8709
10.8772 11.8663
10.88 11.36
10.72 10.4
9.43997 10.24
8.47998 10.56
8.19177 11.3498
7.66705 11.1793
7.41171 11.0319
9.75998 6.23999
10.08 4.95999
9.28 3.51999
3.14069 2.20709
3.26974 1.59998
18.5722 1.59998

[OBSTACLE]
25.3964 19.0378
24.48 26.08
25.44 26.88
26.4781 26.8316
26.72 26.88
32.3256 26.761
32.3256 27.7661
31.9778 29.402
31.2976 30.9299
30.3145 32.2829
29.0717 33.402
28.7288 33.6
20.01 33.6
19.6671 33.402
18.4242 32.2829
17.7953 31.4172
19.52 30.24
19.04 29.44
19.2 28.48
18.88 28.16
16.6053 28.6697
16.4132 27.7661
16.4132 26.0936
16.7609 24.4577
16.8026 24.3641
18.56 24.96
19.2 24.8
20 24.64
20.16 23.68
18.0691 22.0657
18.4242 21.5768
19.6671 20.4577
21.1155 19.6215
21.6465 19.449
22.08 20.64
23.04 20.8
24 20.48
24 19.52
24.6702 18.9615

[OBSTACLE]
24.48 26.08
25.44 26.88
25.92 26.72
26.72 26.88
27.2 25.76
27.36 25.12
27.4102 24.8913
28.9499 25.3916
30.3983 26.2278
31.6411 27.3469
32.6242 28.7
33.3044 30.2278
33.6 31.6182
33.6 33.6
17.7534 33.6
17.7398 33.5362
17.7398 31.8637
17.9966 30.6554
18.24 30.72
18.56 30.56
19.52 30.24
19.04 29.44
19.2 28.48
19.0422 28.3222
19.7508 27.3469
20.9937 26.2278
22.4421 25.3916
24.0327 24.8748
24.2543 24.8515

[OBSTACLE]
12.688 15.3203
14.2786 15.8371
15.6526 16.6303
13.6 19.52
14.08 20.16
14.56 20.8
15.8022 19.9759
16.32 19.68
17.6899 18.7834
17.9529 19.1454
18.6331 20.6733
18.9809 22.3092
18.9809 23.2018
18.72 23.2
17.6 23.36
17.28 24.16
18.56 24.96
18.7625 25.0088
18.6331 25.6176
18.3218 26.3167
15.2 24.96
14.08 24.8
12.48 25.12
12 25.92
13.1095 29.0762
12.96 28.96
11.84 29.28
11.68 30.24
11.7565 31.0685
11.0247 31.1454
9.36139 30.9706
7.77078 30.4538
6.70395 29.8379
9.43997 25.6
8.79999 24.64
9.12 23.84
8.15997 23.52
3.11072 24.1802
3.06851 23.9817
3.06851 22.3092
3.41623 20.6733
4.09647 19.1454
4.69577 18.3206
4.79999 18.4
6.23999 17.76
7.19998 17.28
7.07016 16.2415
7.58749 15.9429
9.59998 20.16
10.24 19.84
10.4 17.28
10.1821 15.234
11.0247 15.1454

[OBSTACLE]
28.0243 4.70535
28 4.95999
28.16 6.07999
28.96 7.03998
29.6 7.03998
30.4 5.28
30.4008 5.27808
30.5223 5.31754
31.4885 5.87537
28.96 9.91998
29.44 11.04
29.12 12
30.24 11.68
33.6 10.6104
33.6 17.447
33.2135 17.9789
31.9706 19.098
31.4716 19.3862
30.56 17.92
29.12 17.28
28 18.24
27.68 19.2
27.766 20.5736
27.2684 20.6259
25.6051 20.4511
24.4468 20.0747
24.96 18.72
23.2817 18.1606
25.76 14.72
24.64 13.6
23.36 13.44
19.4793 14.2483
19.3122 13.4621
19.3122 11.7897
19.3443 11.6387
20.96 11.84
22.24 11.04
22.08 9.59998
20.3609 8.59738
21.3232 7.27286
21.968 6.69232
25.28 10.4
25.92 9.59998
26.56 8.63998
25.8727 4.77258
27.2684 4.62589

[OBSTACLE]
11.6776 25.6221
12.0469 25.7421
12 25.92
12.8 27.04
12.8213 27.04
11.84 29.28
11.68 30.24
12.48 31.2
14.08 31.2
17.0034 29.5841
17.6227 30.9752
17.9705 32.6111
17.9705 33.6
2.05811 33.6
2.05811 32.6111
2.40582 30.9752
2.49319 30.7789
3.67999 31.2
5.91998 30.24
4.79999 28.8
4.04517 28.1272
4.06912 28.0942
5.31201 26.9752
6.76038 26.1389
7.92191 25.7615
8.31998 26.08
9.43997 25.6
9.43326 25.5084
10.0143 25.4473

[OBSTACLE]
27.3827 2.38681
24.32 2.87997
23.2 3.19998
23.68 4.31998
24.96 4.63998
27.35 5.07333
27.1264 6.1254
26.4461 7.65326
26.2906 7.86734
25.12 8.15997
24.48 8.95999
24.9131 9.50143
24.2202 10.1254
22.7718 10.9616
22.6795 10.9916
22.08 9.59998
20.8 9.12
19.84 9.59998
19.9487 11.608
19.5179 11.6533
17.8546 11.4784
16.264 10.9616
14.8156 10.1254
13.5728 9.00629
12.5897 7.65326
12.4698 7.38382
15.84 5.59998
15.2 4.79999
13.12 4.47998
11.6014 4.67621
11.5617 4.48947
11.5617 2.81702
11.8204 1.59998
27.2154 1.59998

[OBSTACLE]
27.68 19.2
29.12 20
33.6 18.4256
33.6 26.093
32.7671 26.8429
31.3187 27.6791
29.7281 28.196
28.0648 28.3708
26.8958 28.2479
27.36 25.12
25.92 25.28
25.12 25.12
24.48 26.08
23.8311 27.1134
23.3625 26.8429
22.1197 25.7238
21.1366 24.3708
20.4564 22.8429
20.1087 21.207
20.1087 21.0504
23.04 20.8
24 20.48
24 19.52
24.96 18.72
21.0227 16.6266
21.1366 16.3708
22.1197 15.0177
22.2336 14.9152
22.88 15.52
25.76 14.72
25.0519 12.9841
25.5803 12.8124

