[SCALE]
1

[BORDER]
0 0
34 0
34 34
0 34

[OBSTACLE]
17.2336 20.4927
18.0683 21.4197
18.4538 22.6061
18.3864 23.2477
17.6 23.36
17.28 24.16
17.8981 24.5836
17.6997 24.9271
16.6905 25.6604
15.4703 25.9197
15.0837 25.8376
15.2 24.96
14.08 24.8
13.2847 24.959
13.2408 24.9271
12.6171 23.8468
12.4867 22.6061
12.8722 21.4197
13.7069 20.4927
14.1736 20.2849
14.56 20.8
15.2 20.32
15.7857 19.9853
16.094 19.9853

[OBSTACLE]
14.7447 13.7076
15.1859 14.1976
15.36 14.72
15.5529 14.6052
15.5794 14.6347
15.9649 15.8211
15.8345 17.0617
15.2108 18.1421
14.6355 18.56
14.4 18.56
14.1234 18.8919
12.9813 19.1347
11.7611 18.8753
10.7519 18.1421
10.3857 17.5079
10.4 17.28
10.2194 17.2198
10.1281 17.0617
9.99777 15.8211
10.3832 14.6347
11.218 13.7076
12.3576 13.2002
13.6051 13.2002

[OBSTACLE]
13.2927 17.9749
14.121 18.8948
13.6 19.52
14.08 20.16
14.4531 20.6574
14.3825 21.329
13.7588 22.4093
12.7495 23.1426
11.5293 23.4019
10.3091 23.1426
9.2999 22.4093
8.67615 21.329
8.54578 20.0884
8.5647 20.0302
9.59998 20.16
10.24 19.84
10.3735 17.7044
10.9056 17.4675
12.1531 17.4675

[OBSTACLE]
14.949 9.3414
15.7838 10.2685
16.1692 11.4549
16.0388 12.6955
15.8953 12.9442
15.84 12.96
15.04 13.76
15.1174 13.9922
14.4059 14.5091
13.1857 14.7685
11.9655 14.5091
10.9562 13.7758
10.3325 12.6955
10.2806 12.2016
10.56 12.16
10.88 11.36
10.72 10.4
10.5716 10.3177
10.5876 10.2685
11.4223 9.3414
12.5619 8.83401
13.8094 8.83401

[OBSTACLE]
6.33505 22.6459
7.16977 23.573
7.55524 24.7594
7.42487 26
6.80112 27.0804
5.7919 27.8136
4.57169 28.073
3.35147 27.8136
2.34225 27.0804
1.71851 26
1.59998 24.8723
1.59998 24.7229
1.9736 23.573
2.80832 22.6459
3.94794 22.1385
5.1954 22.1385

[OBSTACLE]
8.32999 3.50592
8.31998 3.51999
8 4.15997
8.47998 5.43997
8.79999 5.91998
9.52289 6.16095
9.44809 6.87262
8.82434 7.95297
7.81512 8.68622
6.72513 8.91788
6.71997 8.79999
4.65802 8.16553
4.36548 7.95297
3.74173 6.87262
3.61133 5.63199
3.99683 4.44556
4.83154 3.51852
5.97116 3.01114
7.21863 3.01114

[OBSTACLE]
8.55994 10.8606
8.91278 11.2525
9.28 11.84
9.47507 12.0351
9.78015 12.9741
9.64975 14.2147
9.02603 15.295
8.01682 16.0283
7.0687 16.2298
7.03998 16
5.53745 16
4.56717 15.295
3.94342 14.2147
3.81302 12.9741
4.19852 11.7877
5.03323 10.8606
6.17285 10.3532
7.42032 10.3532

[OBSTACLE]
12.2576 13.6428
13.0923 14.5698
13.4778 15.7562
13.3474 16.9969
12.7237 18.0772
11.7145 18.8105
10.4943 19.0698
10.2908 19.0266
10.4 17.28
9.91998 17.12
9.07474 18.6656
8.26483 18.0772
7.64111 16.9969
7.51071 15.7562
7.89621 14.5698
8.73093 13.6428
9.87054 13.1354
11.118 13.1354

[OBSTACLE]
10.1999 28.2935
11.0346 29.2206
11.4201 30.407
11.2897 31.6476
10.666 32.728
9.65674 33.4612
9.00394 33.6
7.86917 33.6
7.21634 33.4612
6.20709 32.728
5.58337 31.6476
5.4563 30.4387
5.91998 30.24
5.62885 29.8657
5.83847 29.2206
6.67319 28.2935
7.81281 27.7861
9.06027 27.7861

[OBSTACLE]
30.8293 27.3122
31.664 28.2392
32.0495 29.4256
31.9191 30.6663
31.2953 31.7466
30.2861 32.4799
29.0659 32.7392
27.8457 32.4799
26.8365 31.7466
26.2127 30.6663
26.0823 29.4256
26.4678 28.2392
27.3025 27.3122
28.4421 26.8048
29.6896 26.8048

[OBSTACLE]
24.6903 25.3803
24.48 26.08
25.44 26.88
25.92 26.72
26.4751 26.831
26.8224 27.8997
26.692 29.1404
26.0682 30.2207
25.059 30.9539
23.8388 31.2133
22.6186 30.9539
21.6093 30.2207
20.9856 29.1404
20.8552 27.8997
21.2407 26.7133
22.0754 25.7863
23.2151 25.2789
24.4625 25.2789

[OBSTACLE]
12.4885 23.7193
13.3117 24.6335
12.48 25.12
12 25.92
12.8 27.04
13.4387 27.3151
12.9546 28.1537
11.9453 28.887
10.7251 29.1463
9.50491 28.887
8.4957 28.1537
7.87195 27.0734
7.76593 26.0647
8.31998 26.08
9.43997 25.6
8.79999 24.64
9.12 23.84
9.0184 23.694
10.1014 23.2119
11.3488 23.2119

[OBSTACLE]
4.31998 17.6
4.79999 18.4
6.23999 17.76
6.61777 17.5711
7.21219 18.2313
7.59766 19.4177
7.46729 20.6583
6.84354 21.7386
5.83432 22.4719
4.61411 22.7313
3.39389 22.4719
2.38467 21.7386
1.76093 20.6583
1.63055 19.4177
2.01602 18.2313
2.85074 17.3042
3.99036 16.7968
4.20914 16.7968

[OBSTACLE]
5.56891 1.7489
6.40363 2.67596
6.78912 3.86237
6.65872 5.103
6.035 6.18335
5.02576 6.9166
3.80557 7.17596
2.58536 6.9166
1.59998 6.20068
1.59998 2.24005
2.04221 1.7489
2.37671 1.59998
5.23441 1.59998

[OBSTACLE]
19.3256 1.82486
20.1603 2.75192
20.5458 3.93832
20.4154 5.17896
19.7917 6.25931
18.7825 6.99255
17.5623 7.25192
16.342 6.99255
15.3328 6.25931
15.2285 6.07861
15.84 5.59998
15.2 4.79999
14.6606 4.71701
14.5787 3.93832
14.9642 2.75192
15.7989 1.82486
16.304 1.59998
18.8205 1.59998

[OBSTACLE]
13.6919 2.03445
14.5266 2.96149
14.9121 4.14792
14.8744 4.5072
13.12 4.47998
13.28 5.59998
14.2082 6.38196
14.158 6.4689
13.1488 7.20215
11.9286 7.46149
10.7084 7.20215
9.69916 6.4689
9.629 6.34741
9.75998 6.23999
10.08 4.95999
9.28 3.51999
9.1626 3.47824
9.33051 2.96149
10.1652 2.03445
11.1411 1.59998
12.7161 1.59998

[OBSTACLE]
18.56 24.96
19.2 24.8
19.3416 24.7717
20.0584 25.0908
20.8932 26.0179
21.2787 27.2043
21.1483 28.4449
20.5245 29.5253
20.3217 29.6726
19.2 28.48
18.88 28.16
17.76 28.48
17.28 29.28
16.8221 30.0749
16.0656 29.5253
15.4419 28.4449
15.3115 27.2043
15.697 26.0179
16.5317 25.0908
17.6714 24.5834
17.9575 24.5834

[OBSTACLE]
32.1084 20.7551
32.9431 21.6821
33.3286 22.8685
33.1982 24.1092
32.5745 25.1895
31.5653 25.9228
30.3451 26.1821
29.1248 25.9228
28.1156 25.1895
27.4919 24.1092
27.3615 22.8685
27.747 21.6821
28.5817 20.7551
29.7213 20.2477
30.9688 20.2477

[OBSTACLE]
2.71997 30.08
3.67999 31.2
5.91998 30.24
6.14279 30.0948
6.25262 30.2167
6.63812 31.4032
6.50772 32.6438
5.95569 33.6
1.59998 33.6
1.59998 29.6131
1.8912 29.2897
2.1922 29.1557

[OBSTACLE]
32.6442 1.97797
33.4789 2.90503
33.6 3.27771
33.6 5.56415
33.1102 6.41241
32.101 7.14566
30.8808 7.40503
29.6606 7.14566
29.5778 7.08554
29.6 7.03998
30.4 5.28
28.96 4.79999
28 4.95999
27.9887 4.96216
27.8972 4.09143
28.2827 2.90503
29.1174 1.97797
29.9664 1.59998
31.7952 1.59998

[OBSTACLE]
21.5725 13.0228
22.4072 13.9499
22.7553 15.0214
22.7901 15.1605
22.6623 16.3769
22.0385 17.4573
21.0293 18.1905
19.8091 18.4499
18.5889 18.1905
17.5797 17.4573
16.9559 16.3769
16.8255 15.1363
17.211 13.9499
18.0457 13.0228
19.1854 12.5154
20.4328 12.5154

[OBSTACLE]
9.7691 18.5532
9.59998 20.16
10.24 19.84
10.7222 19.5715
11.093 20.7128
10.9626 21.9534
10.3388 23.0338
9.32962 23.767
9.0679 23.8226
8.15997 23.52
8.02069 24.0075
6.88919 23.767
5.87997 23.0338
5.25623 21.9534
5.12582 20.7128
5.51132 19.5264
6.34604 18.5993
7.48566 18.0919
8.73312 18.0919

[OBSTACLE]
33.6 25.9182
33.6 31.045
33.3586 31.2203
32.1384 31.4797
30.9182 31.2203
29.909 30.4871
29.2853 29.4067
29.1549 28.1661
29.5404 26.9797
30.3751 26.0526
31.5147 25.5452
32.7622 25.5452

[OBSTACLE]
17.2562 28.9221
17.3993 29.0811
17.28 29.28
17.76 30.24
18.24 30.72
18.3646 30.6914
18.4764 31.0356
18.346 32.2762
17.7222 33.3565
17.3871 33.6
13.5985 33.6
13.2634 33.3565
12.6396 32.2762
12.5265 31.2
14.08 31.2
14.4 30.08
13.5626 29.1074
13.7294 28.9221
14.8691 28.4147
16.1165 28.4147

[OBSTACLE]
32.2026 12.2589
33.0373 13.186
33.4228 14.3724
33.2924 15.613
32.6687 16.6934
31.6595 17.4266
30.4392 17.686
29.6616 17.5207
29.12 17.28
29.0728 17.3204
28.2098 16.6934
27.5861 15.613
27.4557 14.3724
27.8412 13.186
28.6759 12.2589
29.5037 11.8904
29.9895 11.7516
31.063 11.7516

[OBSTACLE]
33.6 16.68
33.6 21.9894
33.5146 22.0515
32.2944 22.3109
31.0742 22.0515
30.0649 21.3182
29.4412 20.2379
29.3968 19.8155
30.56 19.04
30.56 17.92
30.0014 17.472
30.531 16.8838
31.6707 16.3764
32.9181 16.3764

[OBSTACLE]
11.9698 28.7405
11.84 29.28
11.68 30.24
12.48 31.2
14.08 31.2
14.2069 31.18
14.2551 31.3282
14.1247 32.5688
13.5294 33.6
9.01367 33.6
8.41837 32.5688
8.28796 31.3282
8.67346 30.1418
9.50818 29.2148
10.6478 28.7073
11.8953 28.7073

[OBSTACLE]
20.9686 17.537
21.7735 18.4308
21.6 18.72
22.1878 19.6605
22.0861 20.6277
22.08 20.64
22.0847 20.6411
22.0584 20.8911
21.4347 21.9714
20.4255 22.7047
19.2053 22.9641
17.9851 22.7047
16.9758 21.9714
16.3521 20.8911
16.2302 19.7313
16.32 19.68
16.2418 19.5887
16.6072 18.4641
17.4419 17.537
18.5815 17.0296
19.829 17.0296

[OBSTACLE]
23.9081 4.90372
24.7429 5.83078
25.1284 7.01718
24.998 8.25781
24.8845 8.45438
24.48 8.95999
24.5454 9.04172
24.3742 9.33817
23.365 10.0714
22.1608 10.3274
22.08 9.59998
20.8 9.12
20.0981 9.47095
19.9153 9.33817
19.2916 8.25781
19.1612 7.01718
19.5467 5.83078
20.3814 4.90372
21.5211 4.39633
22.7685 4.39633

[OBSTACLE]
27.6465 9.36322
28.4812 10.2903
28.8667 11.4767
28.7363 12.7173
28.1126 13.7977
27.1034 14.5309
25.8831 14.7903
25.7581 14.7637
25.76 14.72
24.64 13.6
23.454 13.4517
23.03 12.7173
22.8996 11.4767
23.2851 10.2903
24.1198 9.36322
24.6233 9.13907
24.8629 9.43863
25.28 10.4
25.92 9.59998
26.4161 8.85583
26.5069 8.85583

[OBSTACLE]
4.77319 11.5128
5.60791 12.4399
5.99341 13.6263
5.86301 14.8669
5.23929 15.9473
5.09329 16.0533
4.15997 16.32
4.20569 16.6857
3.00986 16.9399
1.78964 16.6805
1.59998 16.5427
1.59998 11.3554
2.38611 11.0054
3.63358 11.0054

[OBSTACLE]
19.9964 7.78445
20.8311 8.71152
20.9439 9.05878
20.8 9.12
19.84 9.59998
20.8 11.04
20.8883 11.4814
20.4624 12.2189
19.4532 12.9521
18.233 13.2115
17.0229 12.9543
16.96 12.64
16.6895 12.7173
16.0036 12.2189
15.3798 11.1385
15.2495 9.89792
15.6349 8.71152
16.4696 7.78445
17.6093 7.27707
18.8568 7.27707

[OBSTACLE]
27.5585 15.4149
28.3933 16.342
28.7787 17.5284
28.7737 17.5769
28 18.24
27.68 19.2
28.1882 19.5661
28.0246 19.8494
27.0154 20.5826
25.7952 20.842
24.575 20.5826
24 20.1649
24 19.7292
24.96 18.72
23.04 18.08
22.8665 18.0511
22.8116 17.5284
23.1971 16.342
24.0318 15.4149
25.1714 14.9076
26.4189 14.9076

[OBSTACLE]
3.78433 6.81171
4.61905 7.73874
4.74222 8.11786
4.63998 8.15997
3.19998 9.43997
3.84 10.72
4.32581 11.1156
4.25043 11.2461
3.24121 11.9794
2.021 12.2387
1.59998 12.1493
1.59998 6.30429
2.64471 6.30429

[OBSTACLE]
32.9253 6.65274
33.6 7.4021
33.6 10.7258
33.3914 11.0872
32.3821 11.8204
31.1619 12.0798
30.1728 11.8695
30.24 11.68
30.24 11.3041
30.88 9.75998
30.24 9.43997
28.96 9.91998
28.3852 10.1393
28.3087 10.0068
28.1783 8.7662
28.5638 7.5798
29.0499 7.03998
29.6 7.03998
29.8718 6.44205
30.5382 6.14536
31.7856 6.14536

[OBSTACLE]
25.9651 20.7733
26.7998 21.7003
27.1852 22.8868
27.0549 24.1274
26.4311 25.2077
26.406 25.226
25.92 25.28
25.12 25.12
24.48 26.08
24.4858 26.14
24.2017 26.2003
22.9815 25.941
21.9723 25.2077
21.3485 24.1274
21.2181 22.8868
21.6036 21.7003
22.4383 20.7733
22.5586 20.7198
23.04 20.8
24 20.48
24 20.2659
24.8254 20.2659

[OBSTACLE]
32.3986 30.2464
33.2333 31.1734
33.6 32.302
33.6 32.5387
33.4884 33.6
27.782 33.6
27.6516 32.3598
28.0371 31.1734
28.8719 30.2464
30.0115 29.739
31.2589 29.739

[OBSTACLE]
28.16 6.07999
28.96 7.03998
29.6 7.03998
30.1421 6.63034
30.3904 6.9061
30.7758 8.0925
30.6454 9.33316
30.5164 9.5567
30.24 9.43997
28.96 9.91998
29.3734 10.8845
29.0125 11.1467
27.7923 11.4061
26.5721 11.1467
25.5628 10.4135
25.4398 10.2003
25.92 9.59998
26.56 8.63998
26.4 7.84
25.0669 7.29794
25.1942 6.9061
26.0289 5.97903
27.1685 5.47165
28.0731 5.47165

[OBSTACLE]
29.5664 22.1498
30.4012 23.0768
30.7867 24.2632
30.6562 25.5039
30.0325 26.5842
29.0233 27.3175
27.8031 27.5768
26.5829 27.3175
26.5317 27.2803
26.72 26.88
27.2 25.76
27.36 25.12
25.92 25.28
25.12 25.12
24.9139 25.1617
24.8195 24.2632
25.205 23.0768
26.0397 22.1498
27.1794 21.6424
28.4268 21.6424

[OBSTACLE]
22.9656 29.3994
23.8004 30.3264
24.1859 31.5128
24.0555 32.7535
23.5667 33.6
18.8378 33.6
18.3491 32.7535
18.2187 31.5128
18.5222 30.5789
18.56 30.56
19.52 30.24
19.1849 29.6815
19.4389 29.3994
20.5786 28.892
21.826 28.892

[OBSTACLE]
7.53561 2.19131
7.40521 3.43195
6.78149 4.5123
5.77228 5.24554
4.55206 5.50491
3.33185 5.24554
2.32263 4.5123
1.69888 3.43195
1.59998 2.49094
1.59998 2.09439
1.76062 1.59998
7.34348 1.59998

[OBSTACLE]
11.6354 6.46487
12.4701 7.39191
12.8556 8.57834
12.7252 9.81897
12.1015 10.8993
11.32 11.4671
10.72 10.4
9.43997 10.24
8.47998 10.56
7.98764 11.15
7.64261 10.8993
7.01889 9.81897
6.88849 8.57834
7.27399 7.39191
8.1087 6.46487
9.10449 6.02148
9.75998 6.23999
9.83063 5.95746
10.4958 5.95746

[OBSTACLE]
4.13699 17.3228
4.30923 17.5141
4.31998 17.6
4.79999 18.4
4.99268 18.3144
5.35718 19.4363
5.22681 20.6769
4.60306 21.7573
3.59384 22.4905
2.37363 22.7498
1.59998 22.5854
1.59998 16.8822
1.74988 16.8154
2.99734 16.8154

[OBSTACLE]
16.1187 25.4893
16.9535 26.4164
17.339 27.6028
17.2086 28.8435
16.5848 29.9238
15.5756 30.657
14.417 30.9033
14.4 30.08
12.96 28.96
11.84 29.28
11.7747 29.3154
11.5022 28.8435
11.3718 27.6028
11.7474 26.4469
12.8 27.04
13.6 27.04
13.92 26.24
14.88 25.92
15.1651 25.0648

[OBSTACLE]
27.6725 30.34
28.5072 31.267
28.8927 32.4535
28.7722 33.6
23.0461 33.6
22.9256 32.4535
23.3111 31.267
24.1458 30.34
25.2854 29.8326
26.5329 29.8326

[OBSTACLE]
23.0476 21.2295
23.8823 22.1566
24.2678 23.343
24.1374 24.5836
23.5137 25.6639
22.5045 26.3972
21.2842 26.6566
20.064 26.3972
19.0548 25.6639
18.9346 25.4558
20 24.64
20.16 23.68
18.72 23.2
18.3675 23.1372
18.6862 22.1566
19.5209 21.2295
20.6605 20.7221
21.908 20.7221

[OBSTACLE]
33.6 16.6593
33.4884 16.683
32.2682 16.4236
31.259 15.6904
30.6352 14.61
30.5048 13.3694
30.8903 12.183
31.725 11.256
32.8647 10.7486
33.6 10.7486

[OBSTACLE]
6.09274 24.8912
6.92746 25.8183
7.31296 27.0047
7.18256 28.2453
6.55884 29.3257
5.69626 29.9523
4.79999 28.8
3.19998 28.64
2.41714 29.5561
2.09998 29.3257
1.59998 28.4597
1.59998 26.2225
1.73132 25.8183
2.56604 24.8912
3.70566 24.3838
4.95312 24.3838

[OBSTACLE]
9.23264 16.078
10.0674 17.0051
10.076 17.0318
9.91998 17.12
9.59998 20.16
9.80862 20.3221
9.6987 20.5125
8.68948 21.2457
7.46927 21.5051
6.24905 21.2457
5.23984 20.5125
4.61609 19.4321
4.50641 18.3884
4.79999 18.4
6.23999 17.76
7.19998 17.28
7.03998 16
6.9664 15.5706
8.09302 15.5706

[OBSTACLE]
25.8484 2.11035
25.7213 3.31915
24.32 2.87997
23.2 3.19998
23.68 4.31998
24.0466 5.17273
22.8648 5.42392
21.6446 5.16455
20.6354 4.4313
20.0116 3.35098
19.8812 2.11035
20.0471 1.59998
25.6825 1.59998

[OBSTACLE]
28.6528 1.82248
29.4876 2.74954
29.873 3.93594
29.7599 5.01263
28.96 4.79999
28 4.95999
28.16 6.07999
28.5631 6.66077
28.1097 6.99017
26.8895 7.24954
25.6693 6.99017
24.6601 6.25693
24.0363 5.17657
24.0003 4.83417
24.96 4.63998
25.28 3.19998
24.4016 2.62717
25.1261 1.82248
25.6259 1.59998
28.1531 1.59998

[OBSTACLE]
18.3192 13.9813
19.1539 14.9083
19.5394 16.0947
19.409 17.3354
18.7852 18.4157
17.776 19.149
16.5558 19.4083
15.9827 19.2865
15.36 18.56
14.525 18.56
14.3264 18.4157
13.7026 17.3354
13.5722 16.0947
13.9577 14.9083
14.7924 13.9813
14.8261 13.9662
15.36 14.72
16.16 14.24
17.0793 13.4739
17.1795 13.4739

[OBSTACLE]
13.3076 1.89993
13.1772 3.14059
12.5535 4.22092
11.5443 4.95416
10.324 5.21353
10.0624 5.15793
10.08 4.95999
9.28 3.51999
8.31998 3.51999
7.86221 3.81842
7.47086 3.14059
7.34045 1.89993
7.43793 1.59998
13.2101 1.59998

[OBSTACLE]
17.2667 5.02985
18.1014 5.95691
18.4869 7.14334
18.3565 8.38397
17.7328 9.46429
16.7236 10.1975
15.5034 10.4569
14.2832 10.1975
13.274 9.46429
12.6502 8.38397
12.5198 7.14334
12.9053 5.95691
13.2496 5.57455
13.28 5.59998
14.24 6.39999
15.84 5.59998
16.0353 4.52246
16.1271 4.52246

[OBSTACLE]
9.35431 9.33478
9.37189 9.35428
8.47998 10.56
9.28 11.84
9.59998 12.16
10.4814 12.3347
10.4441 12.6889
9.82037 13.7692
8.81116 14.5025
7.59094 14.7618
6.37073 14.5025
5.36151 13.7692
4.73779 12.6889
4.60739 11.4482
4.73373 11.0593
5.59998 9.75998
6.3862 9.08609
6.96722 8.82739
8.21469 8.82739

[OBSTACLE]
8.47705 22.9952
8.15997 23.52
7.84 24.64
7.51999 25.44
8.31998 26.08
9.69595 26.635
9.17703 27.5338
8.16779 28.2671
6.9476 28.5264
5.72739 28.2671
4.71814 27.5338
4.09442 26.4535
3.96402 25.2129
4.34952 24.0264
5.18423 23.0994
6.32385 22.592
7.57132 22.592

[OBSTACLE]
24.5167 9.00589
25.12 9.75998
25.28 10.4
25.5862 10.2582
25.8878 11.1865
25.7574 12.4272
25.1337 13.5075
24.7942 13.7542
24.64 13.6
23.36 13.44
22.56 14.24
22.5371 14.4221
21.684 14.2407
20.6748 13.5075
20.0511 12.4272
20.0069 12.0066
20.96 11.84
22.24 11.04
22.08 9.59998
21.7364 8.80789
22.2805 8.56564
23.528 8.56564

[OBSTACLE]
33.6 7.23639
33.073 7.34839
31.8528 7.08902
30.8436 6.35577
30.3218 5.45206
30.4 5.28
30.2138 5.21793
30.0894 4.03479
30.4749 2.84839
31.3096 1.92133
32.0314 1.59998
33.6 1.59998

[OBSTACLE]
18.0359 2.06369
17.9055 3.30432
17.2818 4.38464
16.2726 5.11789
15.5732 5.26654
15.2 4.79999
13.12 4.47998
13.0536 4.55225
12.8229 4.38464
12.1992 3.30432
12.0688 2.06369
12.2195 1.59998
17.8853 1.59998

[OBSTACLE]
28.5884 16.8475
29.0276 17.3352
28 18.24
27.68 19.2
29.12 20
29.6808 20.1773
29.6782 20.2016
29.0545 21.2819
28.0453 22.0152
26.825 22.2745
25.6049 22.0152
24.5956 21.2819
24 20.2502
24 19.52
24.96 18.72
24.0214 18.4071
24.227 17.7745
25.0617 16.8475
26.2013 16.3401
27.4488 16.3401

[OBSTACLE]
33.6 26.1669
33.5099 26.1861
32.2897 25.9267
31.2805 25.1935
30.6568 24.1131
30.5264 22.8725
30.9119 21.6861
31.7466 20.759
32.8862 20.2516
33.6 20.2516

[OBSTACLE]
21.8401 29.096
22.6748 30.023
23.0602 31.2094
22.9299 32.4501
22.3061 33.5304
22.2104 33.6
17.943 33.6
17.8473 33.5304
17.2235 32.4501
17.0931 31.2094
17.375 30.3418
18.24 30.72
18.56 30.56
19.52 30.24
19.0769 29.2187
19.1602 28.7189
19.4529 28.5886
20.7004 28.5886

[OBSTACLE]
21.1089 2.09393
21.9436 3.02097
22.3291 4.2074
22.1987 5.44803
21.575 6.52838
20.5658 7.26163
19.3456 7.52097
18.1253 7.26163
17.1161 6.52838
16.4924 5.44803
16.362 4.2074
16.7475 3.02097
17.5822 2.09393
18.6917 1.59998
19.9995 1.59998

[OBSTACLE]
19.8923 9.48871
19.84 9.59998
20.8 11.04
20.96 11.84
21.6031 11.7552
21.628 11.8317
21.4976 13.0723
20.8739 14.1527
19.8647 14.8859
18.6444 15.1453
17.4242 14.8859
16.415 14.1527
16.3708 14.0762
17.12 13.44
16.96 12.64
15.84 12.96
15.7812 12.9771
15.6609 11.8317
16.0464 10.6453
16.8811 9.71823
18.0207 9.21085
19.2682 9.21085

[OBSTACLE]
9.1676 28.9161
10.0023 29.8432
10.3878 31.0296
10.2574 32.2702
9.63367 33.3506
9.29037 33.6
5.5181 33.6
5.1748 33.3506
4.55106 32.2702
4.42065 31.0296
4.47617 30.8588
5.91998 30.24
5.23816 29.3634
5.64087 28.9161
6.78049 28.4087
8.02795 28.4087

[OBSTACLE]
26.7018 3.93921
27.5365 4.86627
27.922 6.05267
27.7916 7.2933
27.1679 8.37366
27.0292 8.47446
26.4 7.84
25.12 8.15997
24.48 8.95999
24.4274 9.25763
23.7183 9.1069
22.709 8.37366
22.0853 7.2933
21.9549 6.05267
22.3404 4.86627
23.1751 3.93921
23.3876 3.8446
23.68 4.31998
24.96 4.63998
25.2285 3.43182
25.5622 3.43182

[OBSTACLE]
13.2246 7.60873
14.0594 8.53577
14.4449 9.7222
14.3145 10.9628
13.6907 12.0432
12.6815 12.7764
11.4613 13.0358
10.2937 12.7876
10.56 12.16
10.88 11.36
10.72 10.4
9.43997 10.24
8.54169 10.3307
8.47772 9.7222
8.86322 8.53577
9.69794 7.60873
10.8376 7.10135
12.085 7.10135

[OBSTACLE]
26.5226 13.7304
27.3573 14.6575
27.7428 15.8439
27.6124 17.0845
26.9886 18.1649
25.9794 18.8981
24.9904 19.1083
24.96 18.72
23.04 18.08
22.4212 17.9769
21.906 17.0845
21.7756 15.8439
21.9801 15.2147
22.88 15.52
25.76 14.72
26.4663 13.7054

[OBSTACLE]
21.6963 18.2495
21.8079 18.3735
21.6 18.72
22.4 20
22.08 20.64
22.8735 20.7722
22.7861 21.6036
22.1624 22.684
21.1531 23.4172
20.0653 23.6484
18.72 23.2
18.464 23.2365
17.7035 22.684
17.0797 21.6036
16.9493 20.363
17.3348 19.1766
18.1696 18.2495
19.3092 17.7422
20.5566 17.7422

[OBSTACLE]
4.06653 24.3638
4.90125 25.2909
5.28674 26.4773
5.15634 27.7179
4.5463 28.7746
3.19998 28.64
2.85547 29.6735
2.30319 29.7909
1.59998 29.6414
1.59998 23.8918
1.67944 23.8564
2.92691 23.8564

[OBSTACLE]
33.4121 15.9393
33.6 16.1479
33.6 20.5758
32.869 21.1069
31.6488 21.3663
30.4286 21.1069
29.4193 20.3737
29.1804 19.9597
30.56 19.04
30.56 17.92
29.12 17.28
28.9412 17.2032
29.0507 16.8663
29.8854 15.9393
31.0251 15.4319
32.2725 15.4319

[OBSTACLE]
30.1541 2.12106
30.0237 3.36169
29.3999 4.44202
28.8915 4.8114
28 4.95999
28.0414 5.24951
27.1705 5.43463
25.9503 5.17526
24.9952 4.48138
25.28 3.19998
24.32 2.87997
24.2676 2.88815
24.187 2.12106
24.3563 1.59998
29.9848 1.59998

[OBSTACLE]
28.3198 26.2809
29.1545 27.2079
29.54 28.3944
29.4096 29.635
28.7859 30.7154
27.7766 31.4486
26.5564 31.7079
25.3362 31.4486
24.327 30.7154
23.7032 29.635
23.5728 28.3944
23.9583 27.2079
24.7622 26.3152
25.44 26.88
25.92 26.72
26.72 26.88
27.1919 25.7788

[OBSTACLE]
22.56 14.24
22.88 15.52
24.9218 14.9528
25.2878 15.3593
25.6732 16.5457
25.5429 17.7863
24.9897 18.7444
24.96 18.72
23.04 18.08
22.08 17.92
21.6 18.72
21.1995 19.4037
20.4603 18.8666
19.8365 17.7863
19.7061 16.5457
20.0916 15.3593
20.9263 14.4322
22.0659 13.9248
22.5444 13.9248

[OBSTACLE]
28.96 9.91998
29.44 11.04
29.12 12
30.24 11.68
31.0853 11.0009
31.3921 11.3416
31.7776 12.528
31.6472 13.7686
31.0234 14.849
30.0142 15.5822
28.794 15.8416
27.5738 15.5822
26.5646 14.849
25.9408 13.7686
25.8104 12.528
26.1959 11.3416
27.0306 10.4146
28.1703 9.90717
28.9607 9.90717

[OBSTACLE]
5.52798 13.5553
6.3627 14.4823
6.7482 15.6687
6.71338 16
5.28 16
4.15997 16.32
4.31998 17.6
4.72452 18.7783
3.76462 18.9823
2.5444 18.723
1.59998 18.0368
1.59998 14.0009
2.00128 13.5553
3.1409 13.0479
4.38837 13.0479

[OBSTACLE]
19.4674 18.7545
20.3021 19.6816
20.6876 20.868
20.5572 22.1086
19.9334 23.189
19.5414 23.4738
18.72 23.2
17.6 23.36
17.3053 24.0968
16.4838 23.9222
15.4746 23.189
14.8508 22.1086
14.7204 20.868
14.8014 20.619
15.2 20.32
16.32 19.68
15.7286 18.9901
15.9406 18.7545
17.0803 18.2472
18.3277 18.2472

[OBSTACLE]
3.46384 21.6549
4.29855 22.5819
4.68405 23.7684
4.55365 25.009
3.9299 26.0893
2.92068 26.8226
1.70047 27.0819
1.59998 27.0606
1.59998 21.1475
2.32422 21.1475

[OBSTACLE]
13.7538 21.7467
14.5885 22.6738
14.974 23.8602
14.8634 24.9119
14.08 24.8
12.48 25.12
12 25.92
12.0068 27.1703
11.9904 27.1738
10.7702 26.9144
9.76096 26.1812
9.42896 25.6061
9.43997 25.6
9.3313 25.437
9.13724 25.1008
9.02869 24.0682
9.12 23.84
9.0238 23.8079
9.39233 22.6738
10.2271 21.7467
11.3667 21.2393
12.6141 21.2393

[OBSTACLE]
21.2944 24.3075
22.1292 25.2346
22.5146 26.421
22.3842 27.6616
21.7605 28.7419
20.7513 29.4752
19.5311 29.7346
19.1708 29.658
19.04 29.44
19.2 28.48
18.88 28.16
17.76 28.48
17.4125 28.8224
17.3017 28.7419
16.6779 27.6616
16.5475 26.421
16.933 25.2346
17.6771 24.4082
18.56 24.96
19.2 24.8
20 24.64
20.185 23.8135

[OBSTACLE]
33.6 33.6
31.1173 33.6
30.5102 32.5484
30.3798 31.3078
30.7653 30.1213
31.6 29.1943
32.7396 28.6869
33.6 28.6869

[OBSTACLE]
7.37515 9.14377
8.20987 10.0708
8.59537 11.2572
8.46497 12.4979
7.84122 13.5782
6.832 14.3114
5.61179 14.5708
4.39157 14.3114
3.38235 13.5782
2.75861 12.4979
2.62823 11.2572
2.86667 10.5233
4.63998 11.2
5.59998 9.75998
6.67999 8.83426

[OBSTACLE]
17.9644 30.9278
18.7991 31.8548
19.1846 33.0413
19.1259 33.6
13.2762 33.6
13.2174 33.0413
13.6029 31.8548
14.4377 30.9278
15.5773 30.4204
16.8247 30.4204

[OBSTACLE]
7.35788 2.70883
6.73416 3.78915
5.72491 4.5224
4.50473 4.78177
3.28452 4.5224
2.27527 3.78915
1.65155 2.70883
1.59998 2.21814
1.59998 1.59998
7.47443 1.59998

[OBSTACLE]
33.6 6.71478
33.6 12.1544
32.4255 12.404
31.2053 12.1447
30.24 11.4433
30.24 10.56
30.88 9.75998
30.24 9.43997
29.48 9.45248
29.442 9.09045
29.8275 7.90402
30.6622 6.97699
31.8018 6.4696
33.0493 6.4696

[OBSTACLE]
4.34637 7.54059
4.78741 8.03043
4.63998 8.15997
3.19998 9.43997
3.84 10.72
4.63998 11.2
5.10062 11.476
4.81247 11.975
3.80322 12.7083
2.58301 12.9677
1.59998 12.7587
1.59998 7.19318
1.95929 7.0332
3.20676 7.0332

[OBSTACLE]
4.32135 26.5437
3.19998 28.64
2.71997 30.08
2.28461 32.0001
1.71335 31.8786
1.59998 31.7963
1.59998 26.5196
2.30984 26.2036
3.55731 26.2036

[OBSTACLE]
14.1104 10.8438
14.9451 11.7708
15.3306 12.9572
15.2704 13.5295
15.04 13.76
15.1912 14.2135
14.5765 15.2782
13.5672 16.0115
12.347 16.2708
11.1268 16.0115
10.1176 15.2782
9.49387 14.1979
9.36346 12.9572
9.62253 12.16
10.56 12.16
10.88 11.36
10.7794 10.7566
11.7233 10.3364
12.9708 10.3364

[OBSTACLE]
4.52377 5.15591
5.35849 6.08298
5.74399 7.26938
5.6188 8.46045
4.63998 8.15997
3.19998 9.43997
3.43652 10.4393
2.76044 10.583
1.59998 10.3363
1.59998 4.88748
2.13669 4.64853
3.38416 4.64853

[OBSTACLE]
28.1482 16.1215
28.9829 17.0485
29.0716 17.3215
28 18.24
27.68 19.2
28.9801 19.9223
28.6143 20.5559
27.605 21.2892
26.3848 21.5485
25.1646 21.2892
24.1554 20.5559
24 20.2868
24 19.52
24.96 18.72
23.4114 18.2038
23.7867 17.0485
24.6215 16.1215
25.7611 15.6141
27.0085 15.6141

[OBSTACLE]
17.28 24.16
18.56 24.96
19.2 24.8
19.3174 24.7765
19.898 25.4214
20.2835 26.6078
20.1531 27.8484
19.6326 28.7499
18.88 28.16
17.76 28.48
17.28 29.28
17.2746 29.916
16.0797 29.662
15.0705 28.9288
14.4467 27.8484
14.3163 26.6078
14.4985 26.0471
14.88 25.92
15.2 24.96
15.1551 24.918
15.5366 24.4943
16.6762 23.9869
17.2787 23.9869

[OBSTACLE]
8 4.15997
8.47998 5.43997
8.79999 5.91998
9.77481 7.26407
9.27219 7.62924
8.05197 7.88861
6.83176 7.62924
5.82254 6.896
5.19882 5.81567
5.06842 4.57504
5.45389 3.38861
6.28864 2.46158
7.42825 1.95416
7.84259 1.95416

[OBSTACLE]
25.4001 1.79572
25.2697 3.03635
25.1921 3.17068
24.32 2.87997
23.2 3.19998
23.68 4.31998
23.8813 4.67224
23.6367 4.84991
22.4165 5.10928
21.1963 4.84991
20.1871 4.11667
19.5634 3.03635
19.433 1.79572
19.4966 1.59998
25.3365 1.59998

[OBSTACLE]
33.6 5.44318
33.5202 5.50116
32.3 5.76053
31.0797 5.50116
30.0705 4.76791
29.4468 3.68759
29.3164 2.44696
29.5916 1.59998
33.6 1.59998

[OBSTACLE]
31.8686 17.801
32.7033 18.728
33.0888 19.9144
32.9584 21.1551
32.3347 22.2354
31.3255 22.9686
30.1053 23.228
28.885 22.9686
27.8758 22.2354
27.2521 21.1551
27.1217 19.9144
27.2356 19.5639
29.12 20
30.56 19.04
31.1557 17.4836

[OBSTACLE]
10.1941 7.19086
11.0288 8.11789
11.4143 9.30432
11.2839 10.545
11.2609 10.5848
10.72 10.4
9.43997 10.24
8.47998 10.56
8.58588 12.5849
8.43073 12.6179
7.21051 12.3586
6.20126 11.6253
5.57755 10.545
5.50934 9.89597
5.59998 9.75998
6.71997 8.79999
5.76013 8.34106
5.83264 8.11789
6.66736 7.19086
7.80698 6.68347
9.05444 6.68347

[OBSTACLE]
23.1781 28.4661
24.0128 29.3931
24.3983 30.5795
24.2679 31.8202
23.6442 32.9005
22.6815 33.6
20.1481 33.6
19.1853 32.9005
18.5616 31.8202
18.4357 30.6221
18.56 30.56
19.52 30.24
19.04 29.44
19.1003 29.0782
19.6514 28.4661
20.791 27.9587
22.0385 27.9587

[OBSTACLE]
13.0867 9.9834
13.9214 10.9105
14.3069 12.0969
14.1765 13.3375
13.5528 14.4178
12.5435 15.1511
11.3233 15.4105
10.1031 15.1511
9.0939 14.4178
8.47015 13.3375
8.33975 12.0969
8.37701 11.9822
9.59998 12.16
10.56 12.16
10.88 11.36
10.72 10.4
10.473 9.5769
10.6996 9.47601
11.9471 9.47601

[OBSTACLE]
18.329 12.3332
19.1637 13.2602
19.5492 14.4466
19.4188 15.6873
18.795 16.7676
17.7858 17.5009
16.5656 17.7602
15.3454 17.5009
14.3362 16.7676
13.7124 15.6873
13.6046 14.6614
15.36 14.72
16.16 14.24
17.12 13.44
17.702 12.054

