[SCALE]
1

[BORDER]
0 0
34 0
34 34
0 34

[OBSTACLE]
8.79999 5.91998
9.75998 6.23999
10.08 4.95999
9.28 3.51999
7.20721 1.59998
10.0316 1.59998
13.28 5.59998
14.24 6.39999
15.84 5.59998
14.1526 1.59998
23.692 1.59998
19.84 9.59998
20.8 11.04
20.96 11.84
29.2969 10.7062
29.44 11.04
29.12 12
33.6 11.9318
33.6 15.7388
24.64 13.6
23.36 13.44
22.56 14.24
22.88 15.52
33.6 23.9503
33.6 27.6421
24.96 18.72
23.04 18.08
22.08 17.92
21.6 18.72
22.287 20.226
22.08 20.64
27.3872 33.6
21.4969 33.6
20.16 23.68
18.72 23.2
17.6 23.36
17.28 24.16
16.2358 33.6
13.5735 33.6
14.4 30.08
13.9336 29.7173
15.2 24.96
14.7342 24.8934
16.32 19.68
15.36 18.56
14.4 18.56
13.6 19.52
4.02072 33.6
3.98325 33.6
9.43997 25.6
8.79999 24.64
9.12 23.84
8.15997 23.52
3.43018 28.663
3.19998 28.64
1.59998 30.3514
1.59998 27.7703
10.24 19.84
10.2716 19.3338
17.12 13.44
16.96 12.64
15.84 12.96
5.32471 16
5.28 16
4.15997 16.32
1.59998 17.0571
1.59998 12.16
10.56 12.16
10.88 11.36
10.72 10.4
6.06509 9.36133
6.71997 8.79999
4.63998 8.15997
1.59998 7.2894
1.59998 1.59998
2.01019 1.59998

[OBSTACLE]
25.28 10.4
25.92 9.59998
26.56 8.63998
26.4 7.84
24.7397 4.58493
24.96 4.63998
25.2454 3.3558
29.12 12
30.24 11.68
30.24 10.56
30.88 9.75998
30.0687 6.00873
30.4 5.28
29.7139 1.59998
33.6 1.59998
33.6 33.6
18.0219 33.6
26.72 26.88
27.2 25.76
27.36 25.12
25.92 25.28
25.12 25.12
13.9545 29.7335
12.96 28.96
11.84 29.28
1.59998 32.8824
1.59998 31.8653
3.67999 31.2
5.91998 30.24
5.19687 29.3103
13.6 27.04
13.92 26.24
14.88 25.92
14.9334 25.7596
18.56 24.96
18.6525 24.9369
20 24.64
20.16 23.68
18.72 23.2
8.9726 24.2085
9.12 23.84
8.15997 23.52
1.59998 23.9984
1.59998 20.1997
14.56 20.8
15.2 20.32
15.4727 20.1642
23.04 20.8
24 20.48
24 19.52
24.96 18.72
1.59998 10.5952
1.59998 10.0949
4.63998 11.2
4.95844 10.7223
15.36 14.72
15.3958 14.6985
29.12 20
30.56 19.04
30.56 17.92
17.9708 1.59998
18.8983 1.59998

[OBSTACLE]
33.6 2.65659
24.32 2.87997
23.2 3.19998
23.68 4.31998
24.96 4.63998
28.0538 5.33685
28.16 6.07999
28.96 7.03998
33.6 8.71057
33.6 11.1624
30.88 9.75998
30.24 9.43997
29.6473 9.66223
26.4 7.84
25.12 8.15997
24.48 8.95999
25.12 9.75998
25.28 10.4
33.6 18.6339
33.6 21.4769
30.56 17.92
29.12 17.28
28.0925 18.1606
25.76 14.72
24.709 13.6689
22.08 9.59998
20.8 9.12
19.84 9.59998
22.3922 17.972
22.08 17.92
21.6 18.72
25.1682 33.6
21.2753 33.6
20.16 23.68
18.72 23.2
17.6 23.36
17.28 24.16
17.0302 33.6
15.7267 33.6
17.12 13.44
16.96 12.64
15.84 12.96
15.04 13.76
9.86166 33.6
6.46213 33.6
9.43997 25.6
8.79999 24.64
9.12 23.84
8.52136 23.6404
10.24 19.84
10.4 17.28
9.91998 17.12
3.42972 28.663
3.19998 28.64
1.59998 31.4384
1.59998 24.7775
7.19998 17.28
7.13556 16.7645
15.84 5.59998
15.2 4.79999
13.12 4.47998
9.9581 5.44748
10.08 4.95999
9.28 3.51999
8.31998 3.51999
1.59998 3.86166
1.59998 1.59998
33.6 1.59998

[OBSTACLE]
8 4.15997
8.47998 5.43997
8.79999 5.91998
8.8205 5.92682
8.47998 10.56
8.84277 11.1405
7.51999 25.44
8.31998 26.08
9.43997 25.6
18.4261 1.59998
20.3516 1.59998
15.04 13.76
15.36 14.72
16.16 14.24
16.487 13.9675
13.6 19.52
14.08 20.16
14.56 20.8
15.2 20.32
16.32 19.68
29.6853 1.59998
29.9945 1.59998
24.48 8.95999
24.6566 9.18079
12.48 25.12
12 25.92
12.8 27.04
13.6 27.04
17.3304 24.0338
17.28 24.16
18.56 24.96
18.6006 24.9498
11.84 29.28
11.68 30.24
12.48 31.2
14.08 31.2
18.0283 30.5083
18.24 30.72
33.6 28.3652
33.6 33.6
1.59998 33.6
1.59998 30.3765
3.67999 31.2
5.91998 30.24
1.59998 20.1343
1.59998 1.74805
4.31998 17.6
4.79999 18.4
6.23999 17.76
7.19998 17.28
7.54047 1.59998
8.10217 1.59998

[OBSTACLE]
33.6 6.28369
28.96 4.79999
28 4.95999
28.16 6.07999
29.7585 9.62051
28.96 9.91998
29.3539 11.2983
29.12 12
30.4692 17.8797
29.12 17.28
28 18.24
27.68 19.2
27.999 33.6
27.3642 33.6
27.36 25.12
25.92 25.28
25.12 25.12
24.48 26.08
23.4899 33.6
22.8839 33.6
25.76 14.72
25.5041 14.4641
26.56 8.63998
26.4 7.84
25.12 8.15997
24.48 8.95999
14.7025 24.8889
14.08 24.8
12.48 25.12
6.42795 33.6
6.34711 33.6
16.32 19.68
15.993 19.2986
22.24 11.04
22.08 9.59998
20.8 9.12
19.84 9.59998
1.59998 22.5095
1.59998 20.8916
7.19998 17.28
7.03998 16
5.28 16
4.15997 16.32
1.59998 17.6486
1.59998 16.3626
10.56 12.16
10.88 11.36
10.72 10.4
9.43997 10.24
1.59998 12.8468
1.59998 12.1256
4.63998 11.2
5.59998 9.75998
6.71997 8.79999
4.63998 8.15997
1.59998 8.67871
1.59998 8.43918
14.24 6.39999
14.7169 6.1615
24.96 4.63998
25.28 3.19998
22.2282 1.59998
33.6 1.59998

[OBSTACLE]
8.47998 10.56
9.28 11.84
9.59998 12.16
10.56 12.16
10.88 11.36
13.8026 1.59998
14.0276 1.59998
13.12 4.47998
13.28 5.59998
14.24 6.39999
15.84 5.59998
18.2907 1.59998
24.9206 1.59998
23.2 3.19998
23.68 4.31998
24.96 4.63998
29.1201 1.59998
32.8957 1.59998
19.84 9.59998
20.5934 10.7301
15.84 12.96
15.04 13.76
15.36 14.72
29.1643 11.867
29.12 12
33.6 11.1024
33.6 11.5998
23.36 13.44
22.56 14.24
22.88 15.52
33.6 15.1923
33.6 17.5887
29.12 17.28
28 18.24
27.8043 18.827
22.08 17.92
21.6 18.72
22.4 20
22.08 20.64
33.6 24.9585
33.6 26.7671
15.36 18.56
14.4 18.56
13.6 19.52
14.08 20.16
14.56 20.8
17.4922 23.6295
17.28 24.16
26.1887 33.6
23.152 33.6
19.2 28.48
18.88 28.16
17.7603 28.4799
10.4 17.28
9.91998 17.12
9.59998 20.16
9.87979 33.6
9.38049 33.6
9.43997 25.6
9.06097 25.0315
9.12 23.84
8.15997 23.52
7.84 24.64
7.51999 25.44
5.8111 33.6
5.07669 33.6
5.91998 30.24
4.79999 28.8
3.19998 28.64
1.59998 31.8622
1.59998 20.5533
7.19998 17.28
7.03998 16
5.28 16
1.59998 16.062
1.59998 8.66293
3.84 10.72
4.63998 11.2
5.59998 9.75998
6.71997 8.79999
3.90012 1.59998
6.75778 1.59998

[OBSTACLE]
21.6 18.72
22.212 19.6992
22.08 20.64
23.04 20.8
24 20.48
24.3732 19.209
24.96 18.72
28.8132 6.8638
28.96 7.03998
29.6 7.03998
30.4 5.28
31.739 1.59998
32.0775 1.59998
28.96 9.91998
29.44 11.04
29.12 12
30.24 11.68
33.6 4.47424
33.6 7.51871
28 18.24
27.68 19.2
28.4109 19.6061
24.48 26.08
25.44 26.88
25.92 26.72
26.72 26.88
33.6 20.4102
33.6 33.6
1.59998 33.6
1.59998 30.9937
3.67999 31.2
5.91998 30.24
5.53271 29.7421
12.48 31.2
14.08 31.2
14.4 30.08
12.96 28.96
1.59998 22.9857
1.59998 22.3006
8.31998 26.08
9.43997 25.6
8.79999 24.64
9.00626 24.1243
12.8 27.04
13.6 27.04
13.878 26.345
17.76 30.24
18.24 30.72
18.56 30.56
19.52 30.24
19.1151 28.989
19.2 28.48
18.202 24.7363
18.56 24.96
19.2 24.8
20 24.64
20.16 23.68
19.8436 9.60544
20.8 11.04
20.96 11.84
22.24 11.04
23.0508 1.59998
23.0943 1.59998

[OBSTACLE]
8.31998 3.51999
8 4.15997
8.47998 5.43997
8.79999 5.91998
9.75998 6.23999
13.265 5.49536
13.28 5.59998
14.24 6.39999
33.6 3.9938
33.6 4.26227
28.96 4.79999
28 4.95999
28.16 6.07999
28.96 7.03998
29.6 7.03998
33.6 6.90735
33.6 7.80295
26.4 7.84
25.12 8.15997
24.48 8.95999
24.8004 9.3605
20.8 9.12
20.6697 9.18515
4.63998 8.15997
3.19998 9.43997
3.84 10.72
9.81125 18.153
9.63275 19.8487
7.03998 16
5.28 16
4.15997 16.32
4.31998 17.6
8.79028 33.6
6.56735 33.6
5.91998 30.24
4.79999 28.8
3.19998 28.64
2.71997 30.08
2.89371 33.6
1.59998 33.6
1.59998 1.59998
11.2087 1.59998

[OBSTACLE]
8.47998 10.56
9.28 11.84
9.59998 12.16
10.56 12.16
10.88 11.36
10.72 10.4
9.70801 6.22266
9.75998 6.23999
10.08 4.95999
9.42838 1.59998
13.1834 1.59998
13.12 4.47998
13.28 5.59998
14.24 6.39999
15.84 5.59998
16.7481 1.59998
20.2486 1.59998
15.04 13.76
15.36 14.72
16.16 14.24
17.12 13.44
19.9644 9.78653
20.8 11.04
20.96 11.84
22.24 11.04
24.5727 9.07584
25.12 9.75998
25.28 10.4
33.6 4.67429
33.6 7.31616
28.96 9.91998
29.162 10.3914
23.36 13.44
22.56 14.24
22.88 15.52
25.76 14.72
33.6 12.1379
33.6 13.4201
14.4 18.56
13.6 19.52
14.08 20.16
14.56 20.8
17.4384 23.764
17.28 24.16
25.4562 33.6
22.6519 33.6
19.2 28.48
18.88 28.16
17.76 28.48
17.28 29.28
19.1602 33.6
18.6715 33.6
15.2 24.96
14.08 24.8
12.48 25.12
12 25.92
11.113 33.6
5.37387 33.6
9.43997 25.6
8.79999 24.64
9.12 23.84
8.15997 23.52
1.59998 29.9263
1.59998 23.0891
9.59998 20.16
10.24 19.84
10.4 17.28
1.59998 11.0181
1.59998 8.65308
3.84 10.72
4.63998 11.2
5.59998 9.75998
6.71997 8.79999
2.42285 1.59998
3.88681 1.59998

[OBSTACLE]
33.6 3.54587
23.36 13.44
22.56 14.24
22.88 15.52
24.4825 15.0749
12.48 25.12
12 25.92
12.8 27.04
13.6 27.04
17.9884 24.6027
18.56 24.96
19.2 24.8
20 24.64
33.6 18.0355
33.6 20.4695
11.84 29.28
11.68 30.24
12.48 31.2
14.08 31.2
18.154 30.634
18.24 30.72
33.6 28.6877
33.6 33.6
1.59998 33.6
1.59998 26.1004
2.71997 30.08
3.67999 31.2
5.91998 30.24
29.4291 7.03998
29.6 7.03998
33.6 3.11838

[OBSTACLE]
19.84 9.59998
20.8 11.04
20.96 11.84
21.6971 11.3793
21.6 18.72
22.1764 19.6423
22.08 20.64
23.04 20.8
24 20.48
24.5824 19.0347
24.96 18.72
32.3966 1.59998
32.662 1.59998
28.96 9.91998
29.44 11.04
29.12 12
30.24 11.68
33.6 5.9101
33.6 10.9592
28 18.24
27.68 19.2
29.12 20
30.56 19.04
33.6 16.4719
33.6 21.4287
25.12 25.12
24.48 26.08
25.44 26.88
33.6 27.256
33.6 33.6
17.6469 33.6
19.52 30.24
19.04 29.44
19.2 28.48
18.88 28.16
17.76 28.48
14.3989 30.0836
14.4 30.08
12.96 28.96
1.59998 31.9706
1.59998 31.7256
3.67999 31.2
5.91998 30.24
4.79999 28.8
3.19998 28.64
1.59998 28.8098
1.59998 27.5596
13.6 27.04
13.92 26.24
14.88 25.92
15.2 24.96
1.59998 21.2044
1.59998 16.8094
4.79999 18.4
5.68365 18.0072
9.59998 20.16
10.0644 19.9278
18.56 24.96
19.2 24.8
20 24.64
20.16 23.68
16.0227 14.3224
16.16 14.24
17.12 13.44
16.96 12.64
14.8491 6.09546
15.84 5.59998
14.768 1.59998
19.0659 1.59998

[OBSTACLE]
33.6 6.62427
30.4 5.28
28.96 4.79999
28.9057 4.80905
25.28 3.19998
24.32 2.87997
23.2 3.19998
23.68 4.31998
25.7669 7.99826
25.12 8.15997
24.48 8.95999
32.0874 33.6
30.8566 33.6
25.76 14.72
24.64 13.6
23.36 13.44
22.56 14.24
22.6417 18.0136
22.2006 17.9401
22.24 11.04
22.08 9.59998
20.8 9.12
19.84 9.59998
14.9748 24.9278
14.5788 24.8712
16.32 19.68
15.36 18.56
14.8303 18.56
17.12 13.44
16.96 12.64
15.84 12.96
15.04 13.76
8.92856 23.7762
8.15997 23.52
4.71811 28.7918
4.26514 28.7465
10.24 19.84
10.4 17.28
9.91998 17.12
1.59998 27.3724
1.59998 22.9964
7.19998 17.28
7.03998 16
6.18002 16
10.56 12.16
10.88 11.36
10.72 10.4
9.43997 10.24
8.47998 10.56
1.59998 14.8865
1.59998 13.823
15.84 5.59998
15.2 4.79999
13.12 4.47998
9.97672 5.37302
10.08 4.95999
9.28 3.51999
8.31998 3.51999
1.59998 4.31161
1.59998 1.59998
33.6 1.59998

