[SCALE]
1

[BORDER]
0 0
34 0
34 34
0 34

[OBSTACLE]
9.68762 29.0085
10.4142 30.0085
10.4142 31.2446
9.68762 32.2446
8.51205 32.6265
7.33646 32.2446
6.60992 31.2446
6.60992 30.0085
7.33646 29.0085
8.51205 28.6265

[OBSTACLE]
15.3763 30.4113
16.1028 31.4113
16.1028 32.6474
15.4107 33.6
12.9907 33.6
12.2986 32.6474
12.2986 31.4113
12.4594 31.19
12.48 31.2
14.08 31.2
14.3963 30.093

[OBSTACLE]
32.8303 5.73422
33.5568 6.73422
33.5568 7.97028
32.8303 8.97028
31.6547 9.35226
30.4792 8.97028
29.7526 7.97028
29.7526 6.73422
30.4792 5.73422
31.6547 5.35226

[OBSTACLE]
27.9279 27.795
28.6544 28.795
28.6544 30.0311
27.9279 31.0311
26.7523 31.413
25.5767 31.0311
24.8502 30.0311
24.8502 28.795
25.5767 27.795
26.7523 27.413

[OBSTACLE]
21.4516 2.61789
22.1782 3.61789
22.1782 4.85397
21.4516 5.85397
20.276 6.23593
19.1005 5.85397
18.3739 4.85397
18.3739 3.61789
19.1005 2.61789
20.276 2.23593

[OBSTACLE]
6.32349 30.5677
7.05002 31.5677
7.05002 32.8038
6.47156 33.6
3.82425 33.6
3.24579 32.8038
3.24579 31.5677
3.56772 31.1246
3.67999 31.2
5.65906 30.3518

[OBSTACLE]
6.39099 22.3051
7.11752 23.3051
7.11752 24.5411
6.39099 25.5411
5.21539 25.9231
4.03983 25.5411
3.31329 24.5411
3.31329 23.3051
4.03983 22.3051
5.21539 21.9231

[OBSTACLE]
14.1628 6.80829
14.8893 7.80829
14.8893 9.04437
14.1628 10.0444
12.9872 10.4263
11.8116 10.0444
11.0851 9.04437
11.0851 7.80829
11.8116 6.80829
12.9872 6.42633

[OBSTACLE]
22.2871 24.7172
23.0137 25.7172
23.0137 26.9532
22.2871 27.9532
21.1116 28.3352
19.936 27.9532
19.2095 26.9532
19.2095 25.7172
19.936 24.7172
21.1116 24.3352

[OBSTACLE]
4.8674 18.5096
5.59393 19.5096
5.59393 20.7457
4.8674 21.7457
3.6918 22.1276
2.51624 21.7457
1.7897 20.7457
1.7897 19.5096
2.51624 18.5096
3.6918 18.1276

[OBSTACLE]
18.1215 25.0057
18.848 26.0057
18.848 27.2418
18.1215 28.2418
16.9459 28.6237
15.7703 28.2418
15.0438 27.2418
15.0438 26.0057
15.7703 25.0057
16.9459 24.6237

[OBSTACLE]
8.85532 18.34
9.58185 19.34
9.58185 20.5761
8.85532 21.5761
7.67975 21.9581
6.50418 21.5761
5.77762 20.5761
5.77762 19.34
6.50418 18.34
7.67975 17.9581

[OBSTACLE]
3.65198 10.344
3.84 10.72
4.63998 11.2
4.82669 11.0498
5.245 11.6255
5.245 12.8616
4.51843 13.8616
3.34286 14.2435
2.1673 13.8616
1.59998 13.0807
1.59998 11.4063
2.1673 10.6255
3.34286 10.2435

[OBSTACLE]
18.8261 15.9923
19.5526 16.9923
19.5526 18.2284
18.8261 19.2284
17.6505 19.6104
16.4749 19.2284
15.7484 18.2284
15.7484 16.9923
16.4749 15.9923
17.6505 15.6104

[OBSTACLE]
28.6043 6.61322
28.96 7.03998
29.352 7.03998
29.9037 7.79935
29.9037 9.0354
29.3737 9.76483
28.96 9.91998
29.0299 10.0832
28.0016 10.4174
26.826 10.0354
26.2021 9.17676
26.56 8.63998
26.4 7.84
26.1384 7.7457
26.826 6.79935
28.0016 6.41736

[OBSTACLE]
26.9702 15.359
27.6968 16.359
27.6968 17.5951
26.9702 18.5951
25.7947 18.9771
24.6191 18.5951
23.8925 17.5951
23.8925 16.359
24.6191 15.359
25.7947 14.9771

[OBSTACLE]
9.65332 19.3645
9.59998 20.16
10.24 19.84
10.3593 19.5938
10.6977 19.7038
11.4242 20.7038
11.4242 21.9399
10.6977 22.9399
9.52209 23.3218
8.34653 22.9399
7.61996 21.9399
7.61996 20.7038
8.34653 19.7038
9.52209 19.3218

[OBSTACLE]
8.03885 20.7041
8.76541 21.7041
8.76541 22.9402
8.30823 23.5694
8.15997 23.52
8.04065 23.9377
8.03885 23.9402
6.86328 24.3221
5.68771 23.9402
4.96118 22.9402
4.96118 21.7041
5.68771 20.7041
6.86328 20.3221

[OBSTACLE]
20.9525 19.3574
21.679 20.3574
21.679 21.5935
20.9525 22.5935
19.7769 22.9754
18.6013 22.5935
17.8748 21.5935
17.8748 20.3574
18.6013 19.3574
19.7769 18.9754

[OBSTACLE]
26.061 21.5214
26.7875 22.5214
26.7875 23.7575
26.061 24.7575
24.8854 25.1395
23.7098 24.7575
22.9833 23.7575
22.9833 22.5214
23.7098 21.5214
24.8854 21.1395

[OBSTACLE]
25.1233 4.77802
25.8499 5.77802
25.8499 7.0141
25.1233 8.0141
23.9478 8.39606
22.7722 8.0141
22.0456 7.0141
22.0456 5.77802
22.7722 4.77802
23.9478 4.39606

[OBSTACLE]
5.06995 2.52463
5.06995 3.76068
4.34341 4.76068
3.16785 5.14264
1.99228 4.76068
1.59998 4.22073
1.59998 2.06458
1.93753 1.59998
4.39816 1.59998

[OBSTACLE]
24.7635 26.9267
25.4901 27.9267
25.4901 29.1627
24.7635 30.1627
23.588 30.5447
22.4124 30.1627
21.6859 29.1627
21.6859 27.9267
22.4124 26.9267
23.588 26.5447

[OBSTACLE]
32.5845 14.5761
33.311 15.5761
33.311 16.8122
32.5845 17.8122
31.4089 18.1942
30.546 17.9138
30.1932 17.757
29.5068 16.8122
29.5068 15.5761
30.2333 14.5761
31.4089 14.1942

[OBSTACLE]
11.4391 12.7918
12.1656 13.7918
12.1656 15.0279
11.4391 16.0279
10.2635 16.4098
9.08795 16.0279
8.36142 15.0279
8.36142 13.7918
9.08795 12.7918
10.2635 12.4098

[OBSTACLE]
32.8354 29.7731
33.562 30.7731
33.562 32.0092
32.8354 33.0092
31.6599 33.3911
30.4843 33.0092
29.7578 32.0092
29.7578 30.7731
30.4843 29.7731
31.6599 29.3911

[OBSTACLE]
11.9902 27.5487
12.7167 28.5487
12.7167 29.0295
11.84 29.28
11.68 30.24
12.0514 30.7006
11.9902 30.7848
10.8146 31.1667
9.63907 30.7848
8.91254 29.7848
8.91254 28.5487
9.63907 27.5487
10.8146 27.1667

[OBSTACLE]
28.4434 2.60278
29.17 3.60278
29.17 4.83884
29.1518 4.86392
28.96 4.79999
28 4.95999
28.1396 5.93756
27.2679 6.22083
26.0923 5.83884
25.3658 4.83884
25.3658 3.60278
26.0923 2.60278
27.2679 2.22083

[OBSTACLE]
31.0334 25.0839
31.7599 26.0839
31.7599 27.32
31.0334 28.32
29.8578 28.7019
28.6823 28.32
27.9557 27.32
27.9557 26.0839
28.6823 25.0839
29.8578 24.7019

[OBSTACLE]
26.9284 2.02768
27.655 3.02768
27.655 4.26376
26.9284 5.26376
25.7528 5.64572
24.5773 5.26376
24.5226 5.18851
24.96 4.63998
25.28 3.19998
24.3574 2.33032
24.5773 2.02768
25.7528 1.64572

[OBSTACLE]
9.57632 15.022
10.3029 16.022
10.3029 17.241
9.91998 17.12
9.8381 17.8977
9.57632 18.2581
8.40076 18.64
7.22519 18.2581
6.7059 17.5433
7.19998 17.28
7.03998 16
6.64844 15.8158
7.22519 15.022
8.40076 14.64

[OBSTACLE]
7.53326 25.9028
8.25983 26.9028
8.25983 28.1389
7.53326 29.1389
6.3577 29.5208
5.18213 29.1389
4.4556 28.1389
4.4556 26.9028
5.18213 25.9028
6.3577 25.5208

[OBSTACLE]
32.3057 2.07742
33.0322 3.07742
33.0322 4.31351
32.3057 5.31351
31.1301 5.69547
30.3294 5.4353
30.4 5.28
29.78 5.07333
29.228 4.31351
29.228 3.07742
29.9545 2.07742
31.1301 1.69547

[OBSTACLE]
21.7304 5.79233
22.4569 6.79233
22.4569 8.02841
21.7304 9.02841
21.101 9.23288
20.8 9.12
20.3514 9.34427
19.3792 9.02841
18.6527 8.02841
18.6527 6.79233
19.3792 5.79233
20.5548 5.41037

[OBSTACLE]
20.176 10.5756
20.9026 11.5756
20.9026 12.8117
20.176 13.8117
19.0005 14.1936
17.8249 13.8117
17.0984 12.8117
17.0984 11.5756
17.8249 10.5756
19.0005 10.1936

[OBSTACLE]
4.02426 25.324
4.75079 26.324
4.75079 27.5601
4.02426 28.5601
3.6423 28.6842
3.19998 28.64
3.12973 28.8508
2.84869 28.9421
1.67313 28.5601
1.59998 28.4594
1.59998 25.4247
1.67313 25.324
2.84869 24.9421

[OBSTACLE]
10.811 30.8643
11.5376 31.8643
11.5376 33.1004
11.1746 33.6
8.09631 33.6
7.73334 33.1004
7.73334 31.8643
8.4599 30.8643
9.63547 30.4824

[OBSTACLE]
17.9807 7.16727
18.7073 8.16727
18.7073 9.40335
17.9807 10.4034
16.8052 10.7853
15.6296 10.4034
14.9031 9.40335
14.9031 8.16727
15.6296 7.16727
16.8052 6.78531

[OBSTACLE]
32.8937 18.4062
33.6 19.3783
33.6 20.6701
32.8937 21.6422
31.7181 22.0242
30.5426 21.6422
29.816 20.6422
29.816 19.536
30.56 19.04
30.56 18.4005
31.7181 18.0242

[OBSTACLE]
8.17969 29.9229
8.90625 30.9229
8.90625 32.159
8.17969 33.159
7.00412 33.541
5.82855 33.159
5.10202 32.159
5.10202 30.9229
5.45267 30.4402
5.91998 30.24
5.7536 30.0261
5.82855 29.9229
7.00412 29.541

[OBSTACLE]
2.75494 29.7985
2.71997 30.08
3.67999 31.2
4.29669 30.9357
4.41815 31.1029
4.41815 32.3389
3.69162 33.3389
2.88824 33.6
2.14386 33.6
1.59998 33.4232
1.59998 30.0186
2.51605 29.7209

[OBSTACLE]
12.48 31.2
13.4267 31.2
13.706 31.5845
13.706 32.8206
13.1397 33.6
10.4681 33.6
9.90179 32.8206
9.90179 31.5845
10.6283 30.5845
11.6818 30.2422

[OBSTACLE]
17.4262 29.5725
17.76 30.24
18.24 30.72
18.56 30.56
18.9104 30.4432
19.2675 30.9347
19.2675 32.1708
18.541 33.1708
17.3654 33.5527
16.1898 33.1708
15.4633 32.1708
15.4633 30.9347
16.1898 29.9347
17.3654 29.5527

[OBSTACLE]
4.02402 26.856
4.75055 27.856
4.75055 28.795
3.19998 28.64
2.71997 30.08
2.6925 30.4234
1.67288 30.0921
1.59998 29.9917
1.59998 26.9563
1.67288 26.856
2.84845 26.474

[OBSTACLE]
8.99594 17.1712
9.72247 18.1712
9.72247 18.9963
9.67188 19.4769
8.99594 20.4073
7.82037 20.7892
6.64481 20.4073
5.91824 19.4073
5.91824 18.1712
6.20609 17.7751
6.23999 17.76
7.19998 17.28
7.16525 17.0021
7.82037 16.7892

[OBSTACLE]
9.83734 6.32745
10.5639 7.32745
10.5639 8.56354
9.83734 9.56354
8.66177 9.9455
7.48621 9.56354
6.75964 8.56354
6.75964 7.32745
7.48621 6.32745
8.66177 5.9455

[OBSTACLE]
31.206 14.9452
31.9326 15.9452
31.9326 17.1812
31.206 18.1812
30.7232 18.3381
30.56 17.92
29.12 17.28
28.5348 17.7407
28.1284 17.1812
28.1284 15.9452
28.8549 14.9452
30.0305 14.5632

[OBSTACLE]
8.41547 27.0207
9.142 28.0207
9.142 29.2568
8.41547 30.2568
7.2399 30.6388
6.06433 30.2568
5.33777 29.2568
5.33777 28.0207
6.06433 27.0207
7.2399 26.6388

[OBSTACLE]
4.61777 22.6329
5.34433 23.6329
5.34433 24.869
4.61777 25.869
3.4422 26.2509
2.26663 25.869
1.59998 24.9514
1.59998 23.5504
2.26663 22.6329
3.4422 22.2509

[OBSTACLE]
31.8333 6.91171
32.5599 7.91171
32.5599 9.14777
31.8333 10.1478
30.999 10.4189
30.88 9.75998
30.24 9.43997
29.2403 9.81485
28.7556 9.14777
28.7556 7.91171
29.389 7.03998
29.6 7.03998
29.6888 6.8446
30.6578 6.52975

[OBSTACLE]
30.3891 1.66254
30.3891 2.89862
29.6626 3.89862
28.487 4.28058
27.3115 3.89862
26.5849 2.89862
26.5849 1.66254
26.6303 1.59998
30.3437 1.59998

[OBSTACLE]
32.864 22.1103
33.5905 23.1103
33.5905 24.3464
32.864 25.3464
31.6884 25.7284
30.5128 25.3464
29.7863 24.3464
29.7863 23.1103
30.5128 22.1103
31.6884 21.7284

[OBSTACLE]
24.5446 2.26096
24.5446 2.8801
24.32 2.87997
23.2 3.19998
23.68 4.31998
23.8095 4.49982
22.6425 4.879
21.4669 4.49704
20.7403 3.49704
20.7403 2.26096
21.2206 1.59998
24.0643 1.59998

[OBSTACLE]
32.9049 4.34161
33.6 5.29834
33.6 6.62097
32.9049 7.5777
31.7293 7.95966
30.5537 7.5777
29.8272 6.5777
29.8272 6.54016
30.4 5.28
30.015 5.08313
30.5537 4.34161
31.7293 3.95966

[OBSTACLE]
4.04922 5.96713
4.77576 6.96713
4.77576 8.20175
4.63998 8.15997
3.19998 9.43997
3.20648 9.47699
2.87366 9.58514
1.69806 9.20319
1.59998 9.06818
1.59998 6.10214
1.69806 5.96713
2.87366 5.58514

[OBSTACLE]
23.2238 21.2988
23.9503 22.2988
23.9503 23.5348
23.2238 24.5348
22.0482 24.9168
20.8727 24.5348
20.1461 23.5348
20.1461 22.2988
20.8727 21.2988
22.0482 20.9168

[OBSTACLE]
14.9222 15.1555
15.6487 16.1555
15.6487 17.3916
14.9222 18.3916
14.404 18.56
14.4 18.56
14.3985 18.5618
13.7466 18.7736
12.571 18.3916
11.8445 17.3916
11.8445 16.1555
12.571 15.1555
13.7466 14.7736

[OBSTACLE]
7.61417 3.29755
8.09814 3.96368
8 4.15997
8.3407 5.06854
8.3407 5.5336
7.61417 6.5336
6.4386 6.91556
5.26303 6.5336
4.53647 5.5336
4.53647 4.29755
5.26303 3.29755
6.4386 2.91556

[OBSTACLE]
23.752 5.65912
24.4785 6.65912
24.4785 7.8952
23.752 8.8952
22.5764 9.27716
21.4008 8.8952
20.6743 7.8952
20.6743 6.65912
21.4008 5.65912
22.5764 5.27716

[OBSTACLE]
33.6 4.8237
32.6066 5.14645
31.4311 4.7645
30.7045 3.7645
30.7045 2.52844
31.3791 1.59998
33.6 1.59998

[OBSTACLE]
27.3336 1.9935
27.3336 3.22958
26.6071 4.22958
25.4315 4.61154
24.9977 4.47058
25.28 3.19998
24.32 2.87997
23.5294 3.07089
23.5294 1.9935
23.8153 1.59998
27.0477 1.59998

[OBSTACLE]
28.3343 10.7476
29.0608 11.7476
29.0608 12.9836
28.3343 13.9836
27.1587 14.3656
25.9831 13.9836
25.2566 12.9836
25.2566 11.7476
25.9831 10.7476
27.1587 10.3656

[OBSTACLE]
21.7572 13.7742
22.4837 14.7742
22.4837 16.0103
21.7572 17.0103
20.5816 17.3922
19.4061 17.0103
18.6795 16.0103
18.6795 14.7742
19.4061 13.7742
20.5816 13.3922

[OBSTACLE]
14.4205 21.2945
15.1471 22.2945
15.1471 23.5305
14.4205 24.5305
13.245 24.9125
12.0694 24.5305
11.3428 23.5305
11.3428 22.2945
12.0694 21.2945
13.245 20.9125

[OBSTACLE]
24.8193 9.38412
25.12 9.75998
25.28 10.4
25.7663 9.99258
26.2068 10.5989
26.2068 11.835
25.4803 12.835
24.3047 13.2169
23.1292 12.835
22.4026 11.835
22.4026 10.5989
23.1292 9.59891
24.3047 9.21692

[OBSTACLE]
20.7628 1.82114
20.7628 3.05719
20.0363 4.05719
18.8607 4.43915
17.6852 4.05719
16.9586 3.05719
16.9586 1.82114
17.1193 1.59998
20.6022 1.59998

[OBSTACLE]
11.8082 23.7595
12.5348 24.7595
12.5348 25.109
12.48 25.12
12 25.92
12.2923 26.3292
11.8082 26.9955
10.6326 27.3775
9.45706 26.9955
8.73053 25.9955
8.73053 25.904
9.43997 25.6
8.80829 24.6524
9.45706 23.7595
10.6326 23.3775

[OBSTACLE]
19.0941 31.0399
19.8206 32.0399
19.8206 33.276
19.5853 33.6
16.2518 33.6
16.0164 33.276
16.0164 32.0399
16.743 31.0399
17.9185 30.658

[OBSTACLE]
3.39676 9.11511
3.19998 9.43997
3.84 10.72
4.28665 10.988
4.28665 11.4042
3.56012 12.4042
2.38452 12.7862
1.59998 12.5313
1.59998 9.04114
2.38452 8.78622

[OBSTACLE]
7.51999 25.44
8.31998 26.08
9.43997 25.6
9.71753 25.4239
10.0102 25.8268
10.0102 27.0628
9.28366 28.0628
8.10809 28.4448
6.93253 28.0628
6.20596 27.0628
6.20596 25.8268
6.93253 24.8268
7.12454 24.7643

[OBSTACLE]
17.7757 3.53796
18.5022 4.53796
18.5022 5.77402
17.7757 6.77402
16.6001 7.15601
15.4245 6.77402
14.9495 6.12015
15.84 5.59998
15.2 4.79999
14.698 4.67236
14.698 4.53796
15.4245 3.53796
16.6001 3.15601

[OBSTACLE]
22.7489 16.1819
23.4754 17.1819
23.4754 18.1631
23.04 18.08
22.08 17.92
21.6 18.72
21.6308 19.7812
21.5733 19.7999
20.3977 19.4179
19.6712 18.4179
19.6712 17.1819
20.3977 16.1819
21.5733 15.7999

[OBSTACLE]
32.7974 10.6613
33.5239 11.6613
33.5239 12.8974
32.7974 13.8974
31.6218 14.2794
30.4463 13.8974
29.7197 12.8974
29.7197 11.8286
30.24 11.68
30.24 10.9453
30.4463 10.6613
31.6218 10.2794

[OBSTACLE]
33.5612 8.12219
33.6 8.17551
33.6 11.3049
33.5612 11.3582
32.3857 11.7402
31.2101 11.3582
30.4836 10.3582
30.4836 10.2555
30.88 9.75998
30.4836 9.56177
30.4836 9.12219
31.2101 8.12219
32.3857 7.74023

[OBSTACLE]
33.6 14.73
33.6 18.4783
33.2126 18.6041
32.037 18.2222
31.3105 17.2222
31.3105 15.9861
32.037 14.9861
33.2126 14.6041

[OBSTACLE]
9.05679 21.9031
9.78333 22.9031
9.78333 23.5134
8.15997 23.52
7.84 24.64
7.53281 25.4079
6.70566 25.1392
5.9791 24.1392
5.9791 22.9031
6.70566 21.9031
7.88123 21.5211

[OBSTACLE]
32.2054 12.3617
32.9319 13.3617
32.9319 14.5977
32.2054 15.5977
31.0298 15.9797
29.8542 15.5977
29.1277 14.5977
29.1277 13.3617
29.8542 12.3617
31.0298 11.9797

[OBSTACLE]
22.5553 29.4208
23.2818 30.4208
23.2818 31.6569
22.5553 32.6569
21.3797 33.0388
20.2041 32.6569
19.4776 31.6569
19.4776 30.4208
20.2041 29.4208
21.3797 29.0388

[OBSTACLE]
6.11713 26.5695
6.84369 27.5695
6.84369 28.8055
6.11713 29.8055
5.69 29.9443
4.79999 28.8
3.19998 28.64
3.03946 28.6817
3.03946 27.5695
3.76599 26.5695
4.94156 26.1875

[OBSTACLE]
21.6276 4.11469
22.3541 5.11469
22.3541 6.35074
21.6276 7.35074
20.452 7.7327
19.2765 7.35074
18.5499 6.35074
18.5499 5.11469
19.2765 4.11469
20.452 3.7327

[OBSTACLE]
28.7459 3.25262
29.4724 4.25262
29.4724 4.77393
28.96 4.79999
28 4.95999
28.16 6.07999
28.4121 6.59717
27.5703 6.87067
26.3947 6.48871
25.6682 5.48871
25.6682 4.25262
26.3947 3.25262
27.5703 2.87067

[OBSTACLE]
17.9631 13.5852
18.6897 14.5852
18.6897 15.8213
17.9631 16.8213
16.7876 17.2033
15.612 16.8213
14.8854 15.8213
14.8854 14.5852
14.9005 14.5644
15.36 14.72
16.16 14.24
17.12 13.44
17.1429 13.3187

[OBSTACLE]
19.4588 20.833
20.1853 21.833
20.1853 23.0691
19.823 23.5677
18.72 23.2
17.6 23.36
17.0876 24.0416
16.3811 23.0691
16.3811 21.833
17.1076 20.833
18.2832 20.451

[OBSTACLE]
31.4911 1.70856
32.2177 2.70856
32.2177 3.94464
31.4911 4.94464
30.4008 5.29889
30.4 5.28
29.0588 4.83292
28.4134 3.94464
28.4134 2.70856
29.14 1.70856
29.4742 1.59998
31.1569 1.59998

[OBSTACLE]
3.14175 31.8358
3.86829 32.8358
3.86829 33.6
1.59998 33.6
1.59998 31.5728
1.96619 31.4538

[OBSTACLE]
33.6 11.2573
33.6 15.1309
33.4054 15.1941
32.2298 14.8121
31.5033 13.8121
31.5033 12.5761
32.2298 11.5761
33.4054 11.1941

[OBSTACLE]
28.2976 12.7489
29.0242 13.7489
29.0242 14.985
28.2976 15.985
27.1221 16.367
25.9465 15.985
25.22 14.985
25.22 14.87
25.76 14.72
25.22 14.18
25.22 13.7489
25.9465 12.7489
27.1221 12.367

[OBSTACLE]
33.6 4.47885
33.6 8.21201
33.1893 8.34543
32.0138 7.96347
31.2872 6.96347
31.2872 5.72742
32.0138 4.72742
33.1893 4.34543

[OBSTACLE]
14.8477 1.63052
15.5742 2.63052
15.5742 3.86661
14.9266 4.75793
13.12 4.47998
12.8894 4.99426
12.4965 4.86661
11.77 3.86661
11.77 2.63052
12.4965 1.63052
12.5905 1.59998
14.7536 1.59998

[OBSTACLE]
28.2739 25.3373
29.0004 26.3373
29.0004 27.5734
28.2739 28.5734
27.0983 28.9554
25.9228 28.5734
25.1962 27.5734
25.1962 26.8689
25.44 26.88
25.9187 26.7204
26.72 26.88
27.2 25.76
27.36 25.12
27.3708 25.0439

[OBSTACLE]
4.63699 14.1296
5.36353 15.1296
5.36353 16
5.28 16
4.15997 16.32
4.3042 17.4738
3.4614 17.7477
2.28583 17.3657
1.59998 16.4217
1.59998 15.0736
2.28583 14.1296
3.4614 13.7477

[OBSTACLE]
22.832 31.5506
23.5586 32.5506
23.5586 33.6
19.7544 33.6
19.7544 32.5506
20.4809 31.5506
21.6565 31.1686

[OBSTACLE]
21.0301 26.5229
21.7566 27.5229
21.7566 28.759
21.0301 29.759
19.8545 30.1409
19.3652 29.9819
19.04 29.44
19.2 28.48
18.88 28.16
17.9524 28.1781
17.9524 27.5229
18.6789 26.5229
19.8545 26.1409

[OBSTACLE]
11.4477 1.78113
12.1742 2.78113
12.1742 4.01718
11.4477 5.01718
10.2721 5.39917
10.0354 5.32227
10.08 4.95999
9.28 3.51999
8.37 3.51999
8.37 2.78113
9.09653 1.78113
9.65405 1.59998
10.8901 1.59998

[OBSTACLE]
33.3825 26.3013
33.6 26.6006
33.6 29.2381
33.3825 29.5374
32.207 29.9194
31.0314 29.5374
30.3048 28.5374
30.3048 27.3013
31.0314 26.3013
32.207 25.9194

[OBSTACLE]
29.151 30.508
29.8775 31.508
29.8775 32.7441
29.2557 33.6
26.6951 33.6
26.0733 32.7441
26.0733 31.508
26.7998 30.508
27.9754 30.1261

[OBSTACLE]
31.0617 29.0095
31.7883 30.0095
31.7883 31.2455
31.0617 32.2455
29.8861 32.6275
28.7106 32.2455
27.984 31.2455
27.984 30.0095
28.7106 29.0095
29.8861 28.6275

[OBSTACLE]
8.79239 1.69946
8.79239 2.93552
8.36774 3.51999
8.31998 3.51999
8.21454 3.73087
8.06586 3.93552
6.89029 4.3175
5.71472 3.93552
4.98819 2.93552
4.98819 1.69946
5.06046 1.59998
8.72012 1.59998

[OBSTACLE]
28.679 22.4238
29.4055 23.4238
29.4055 24.6598
28.679 25.6598
27.5034 26.0418
27.2484 25.9589
27.36 25.12
26.0421 25.2664
25.6013 24.6598
25.6013 23.4238
26.3279 22.4238
27.5034 22.0418

[OBSTACLE]
25.8835 30.4843
26.6101 31.4843
26.6101 32.7204
25.971 33.6
23.4449 33.6
22.8058 32.7204
22.8058 31.4843
23.5324 30.4843
24.708 30.1024

[OBSTACLE]
32.8707 31.5443
33.5973 32.5443
33.5973 33.6
29.793 33.6
29.793 32.5443
30.5196 31.5443
31.6952 31.1624

[OBSTACLE]
28.7516 8.93454
29.341 9.74582
28.96 9.91998
29.44 11.04
29.3272 11.3784
28.7516 12.1706
27.576 12.5526
26.4005 12.1706
25.6739 11.1706
25.6739 9.93454
25.8874 9.64072
25.92 9.59998
25.9533 9.54999
26.4005 8.93454
27.576 8.55258

[OBSTACLE]
24.3304 8.25397
24.6704 8.72198
24.48 8.95999
25.0569 9.68112
25.0569 10.49
24.3304 11.49
23.1548 11.872
21.9792 11.49
21.9351 11.4293
22.24 11.04
22.08 9.59998
21.2527 9.28976
21.2527 9.25397
21.9792 8.25397
23.1548 7.87201

[OBSTACLE]
33.6 18.6465
33.6 22.5192
33.404 22.5829
32.2284 22.2009
31.5019 21.2009
31.5019 19.9648
32.2284 18.9648
33.404 18.5829

[OBSTACLE]
15.5756 26.6566
16.3022 27.6566
16.3022 28.8927
15.5756 29.8927
14.4001 30.2747
14.4 30.2746
14.4 30.08
12.96 28.96
12.6178 29.0577
12.4979 28.8927
12.4979 27.6566
12.9459 27.04
13.6 27.04
13.8323 26.4591
14.4001 26.2747

[OBSTACLE]
12.0648 26.0107
12.8 27.04
12.8845 27.04
12.8854 27.0413
12.8854 28.2773
12.24 29.1657
11.84 29.28
11.8222 29.3867
10.9833 29.6593
9.80771 29.2773
9.08118 28.2773
9.08118 27.0413
9.80771 26.0413
10.9833 25.6593

[OBSTACLE]
27.7782 5.44052
28.1397 5.93805
28.16 6.07999
28.5048 6.49371
28.5048 7.67661
27.7782 8.67661
26.6026 9.05856
26.5492 9.0412
26.56 8.63998
26.4 7.84
25.12 8.15997
25.0757 8.19293
24.7005 7.67661
24.7005 6.44052
25.4271 5.44052
26.6026 5.05856

[OBSTACLE]
3.94479 16.7199
4.26508 17.1607
4.31998 17.6
4.67133 18.1855
4.67133 18.956
3.94479 19.956
2.76923 20.3379
1.59998 19.958
1.59998 16.7178
2.76923 16.3379

[OBSTACLE]
29.3022 11.4534
29.12 12
29.7887 11.8089
30.3275 12.5505
30.3275 13.7866
29.6009 14.7866
28.4253 15.1685
27.2498 14.7866
26.5232 13.7866
26.5232 12.5505
27.2498 11.5505
28.4253 11.1685

[OBSTACLE]
12.5358 2.51144
11.8092 3.51144
10.6337 3.8934
9.4581 3.51144
8.73157 2.51144
8.73157 1.59998
12.5358 1.59998

[OBSTACLE]
4.10956 20.0922
4.83609 21.0922
4.83609 22.3283
4.10956 23.3283
2.93399 23.7102
1.75842 23.3283
1.59998 23.1102
1.59998 20.3103
1.75842 20.0922
2.93399 19.7102

[OBSTACLE]
17.3712 27.4477
18.044 28.3737
17.76 28.48
17.28 29.28
17.7329 30.1859
17.3712 30.6837
16.1956 31.0657
15.0201 30.6837
14.2935 29.6837
14.2935 28.4477
15.0201 27.4477
16.1956 27.0657

[OBSTACLE]
4.56677 24.0102
5.2933 25.0102
5.2933 26.2462
4.56677 27.2462
3.3912 27.6282
2.21564 27.2462
1.59998 26.3988
1.59998 24.8576
2.21564 24.0102
3.3912 23.6282

[OBSTACLE]
17.3491 19.59
18.0757 20.59
18.0757 21.8261
17.3491 22.8261
16.1735 23.208
14.998 22.8261
14.2714 21.8261
14.2714 20.727
14.56 20.8
15.2 20.32
16.32 19.68
16.3594 19.2684

[OBSTACLE]
14.954 10.5762
15.6806 11.5762
15.6806 12.8123
14.954 13.8123
13.7784 14.1942
12.6029 13.8123
11.8763 12.8123
11.8763 11.5762
12.6029 10.5762
13.7784 10.1942

[OBSTACLE]
4.66159 4.43634
5.38815 5.43634
5.38815 6.67239
4.66159 7.67239
3.48602 8.05438
2.31046 7.67239
1.59998 6.69449
1.59998 5.41425
2.31046 4.43634
3.48602 4.05438

[OBSTACLE]
12.5378 8.87073
13.2644 9.87073
13.2644 11.1068
12.5378 12.1068
11.3622 12.4887
10.5317 12.2189
10.56 12.16
10.88 11.36
10.72 10.4
9.46014 10.2259
9.46014 9.87073
10.1867 8.87073
11.3622 8.48874

[OBSTACLE]
17.1328 23.1804
17.4804 23.6589
17.28 24.16
17.8593 24.5221
17.8593 25.4164
17.1328 26.4164
15.9572 26.7984
14.7816 26.4164
14.6187 26.1921
14.88 25.92
15.2 24.96
14.08 24.8
14.0551 24.8
14.0551 24.1804
14.7816 23.1804
15.9572 22.7984

[OBSTACLE]
23.5678 11.3938
24.2944 12.3938
24.2944 13.5568
23.36 13.44
22.56 14.24
22.6538 14.9268
22.3922 15.0118
21.2167 14.6299
20.4901 13.6299
20.4901 12.3938
20.9176 11.8054
20.96 11.84
22.169 11.0844
22.3922 11.0118

[OBSTACLE]
8.11746 7.24033
8.84399 8.24033
8.84399 9.47641
8.11746 10.4764
6.94189 10.8584
5.76633 10.4764
5.43051 10.0142
5.59998 9.75998
6.71997 8.79999
5.03976 8.28299
5.03976 8.24033
5.76633 7.24033
6.94189 6.85837

[OBSTACLE]
12.5465 5.30545
13.2731 6.30545
13.2731 7.5415
12.5465 8.5415
11.3709 8.92346
10.1954 8.5415
9.46884 7.5415
9.46884 6.30545
9.5639 6.17462
9.75998 6.23999
9.88776 5.72882
10.1954 5.30545
11.3709 4.92346

[OBSTACLE]
13.28 5.59998
14.24 6.39999
15.384 5.82797
15.5955 6.11902
15.5955 7.35507
14.869 8.35507
13.6934 8.73706
12.5178 8.35507
11.7913 7.35507
11.7913 6.11902
12.5178 5.11902
13.0431 4.94833

[OBSTACLE]
8.23026 11.0589
8.95679 12.0589
8.95679 13.295
8.23026 14.295
7.05469 14.6769
5.87912 14.295
5.15256 13.295
5.15256 12.0589
5.87912 11.0589
7.05469 10.6769

[OBSTACLE]
22.0698 19.4717
22.08 20.64
23.04 20.8
23.9844 20.6982
23.9844 21.5213
23.2578 22.5213
22.0823 22.9032
20.9067 22.5213
20.1802 21.5213
20.1802 20.2852
20.9067 19.2852
21.7766 19.0026

[OBSTACLE]
11.4937 20.7443
12.2203 21.7443
12.2203 22.9803
11.4937 23.9803
10.3182 24.3623
9.14261 23.9803
9.09183 23.9104
9.12 23.84
9.01526 23.8051
8.41605 22.9803
8.41605 21.7443
9.14261 20.7443
10.3182 20.3623

[OBSTACLE]
25.2142 24.2305
25.6172 24.7851
25.12 25.12
24.48 26.08
25.44 26.88
25.5706 26.9761
25.2142 27.4666
24.0386 27.8485
22.8631 27.4666
22.1365 26.4666
22.1365 25.2305
22.8631 24.2305
24.0386 23.8485

[OBSTACLE]
18.3421 9.46722
19.0686 10.4672
19.0686 11.7033
18.3421 12.7033
17.1665 13.0853
17.0409 13.0445
16.96 12.64
16.3406 12.817
15.9909 12.7033
15.2644 11.7033
15.2644 10.4672
15.9909 9.46722
17.1665 9.08527

[OBSTACLE]
17.1207 1.6167
17.8472 2.6167
17.8472 3.85278
17.1207 4.85278
15.9451 5.23474
15.4082 5.0603
15.2 4.79999
14.6722 4.71878
14.043 3.85278
14.043 2.6167
14.7695 1.6167
14.821 1.59998
17.0692 1.59998

[OBSTACLE]
27.88 18.5999
27.68 19.2
29.0719 19.9733
29.0719 20.9872
28.3454 21.9872
27.1698 22.3692
25.9943 21.9872
25.2677 20.9872
25.2677 19.7512
25.9943 18.7512
27.1698 18.3692

[OBSTACLE]
20.907 24.0234
21.6335 25.0234
21.6335 26.2595
20.907 27.2595
19.7314 27.6414
18.5558 27.2595
17.8293 26.2595
17.8293 25.0234
18.0788 24.6801
18.56 24.96
19.2 24.8
20 24.64
20.2248 23.8018

[OBSTACLE]
13.233 17.3243
13.9595 18.3243
13.9595 19.0885
13.6 19.52
13.7975 19.7834
13.233 20.5604
12.0574 20.9424
10.8818 20.5604
10.2494 19.6899
10.3516 18.0541
10.8818 17.3243
12.0574 16.9424

[OBSTACLE]
7.29828 5.13724
8.02484 6.13724
8.02484 7.37329
7.29828 8.37329
6.3425 8.68384
4.83597 8.22028
4.22061 7.37329
4.22061 6.13724
4.94714 5.13724
6.12271 4.75525

[OBSTACLE]
7.57108 12.7932
8.29764 13.7932
8.29764 15.0293
7.57108 16.0293
7.11234 16.1783
7.03998 16
5.28 16
5.21265 16.0193
4.49341 15.0293
4.49341 13.7932
5.21994 12.7932
6.39551 12.4113

[OBSTACLE]
18.0557 17.3097
18.7823 18.3097
18.7823 19.5457
18.0557 20.5457
16.8802 20.9277
15.7046 20.5457
15.6901 20.5259
16.32 19.68
15.36 18.56
14.978 18.4676
14.978 18.3097
15.7046 17.3097
16.8802 16.9277

[OBSTACLE]
19.804 6.89917
20.5306 7.89917
20.5306 9.13522
20.3943 9.32285
19.84 9.59998
20.0089 9.8533
19.804 10.1352
18.6285 10.5172
17.4529 10.1352
16.7264 9.13522
16.7264 7.89917
17.4529 6.89917
18.6285 6.51721

[OBSTACLE]
14.522 12.4305
15.2486 13.4305
15.2486 13.5514
15.04 13.76
15.2486 14.3857
15.2486 14.6665
14.522 15.6665
13.3465 16.0485
12.1709 15.6665
11.4443 14.6665
11.4443 13.4305
12.1709 12.4305
13.3465 12.0485

[OBSTACLE]
25.077 14.9123
25.8036 15.9123
25.8036 17.1484
25.077 18.1484
24.1494 18.4498
23.04 18.08
22.6261 18.011
21.9994 17.1484
21.9994 15.9123
22.5334 15.1772
22.88 15.52
25.0727 14.9109

[OBSTACLE]
19.8772 12.4327
20.6037 13.4327
20.6037 14.6688
19.8772 15.6688
18.7016 16.0508
17.526 15.6688
16.7995 14.6688
16.7995 13.7071
17.12 13.44
17.0497 13.0884
17.526 12.4327
18.7016 12.0508

[OBSTACLE]
14.1631 18.2221
14.4051 18.5553
14.4 18.56
13.6 19.52
14.08 20.16
14.56 20.8
14.6163 20.8344
14.1631 21.4582
12.9875 21.8401
11.8119 21.4582
11.0854 20.4582
11.0854 19.2221
11.8119 18.2221
12.9875 17.8401

[OBSTACLE]
30.5645 20.115
31.2911 21.115
31.2911 22.3511
30.5645 23.3511
29.389 23.7331
28.2134 23.3511
27.4869 22.3511
27.4869 21.115
28.2134 20.115
28.9161 19.8867
29.12 20
29.4773 19.7618

[OBSTACLE]
12.7494 15.3623
13.4759 16.3623
13.4759 17.5984
12.7494 18.5984
11.5738 18.9803
10.3982 18.5984
10.324 18.4962
10.4 17.28
9.91998 17.12
9.67169 17.141
9.67169 16.3623
10.3982 15.3623
11.5738 14.9803

[OBSTACLE]
16.5355 9.55234
17.262 10.5523
17.262 11.7884
16.5604 12.7542
15.84 12.96
15.7594 13.0406
15.3599 13.1704
14.1844 12.7884
13.4578 11.7884
13.4578 10.5523
14.1844 9.55234
15.3599 9.17038

[OBSTACLE]
25.7711 18.7761
26.4977 19.7761
26.4977 21.0122
25.7711 22.0122
24.5956 22.3942
23.42 22.0122
22.6935 21.0122
22.6935 20.8904
23.04 20.8
24 20.48
24 19.52
24.96 18.72
25.0022 18.5263

[OBSTACLE]
8.9624 9.05905
9.68893 10.0591
9.68893 10.1742
9.43997 10.24
8.47998 10.56
9.28 11.84
9.28757 11.8476
8.9624 12.2951
7.78683 12.6771
6.61127 12.2951
5.8847 11.2951
5.8847 10.0591
6.61127 9.05905
7.78683 8.67709

[OBSTACLE]
6.90298 18.1374
7.62952 19.1374
7.62952 20.3734
6.90298 21.3734
5.72742 21.7554
4.55182 21.3734
3.82529 20.3734
3.82529 19.1374
4.55182 18.1374
4.60782 18.1192
4.79999 18.4
6.02948 17.8535

[OBSTACLE]
7.16037 9.26111
7.8869 10.2611
7.8869 11.4972
7.16037 12.4972
5.9848 12.8791
4.80923 12.4972
4.08267 11.4972
4.08267 11.3329
4.63998 11.2
5.59998 9.75998
6.45093 9.03058

[OBSTACLE]
33.6 22.67
33.6 26.1306
32.77 26.4003
31.5945 26.0183
30.8679 25.0183
30.8679 23.7823
31.5945 22.7823
32.77 22.4003

[OBSTACLE]
11.7252 11.591
12.4517 12.591
12.4517 13.827
11.7252 14.827
10.5496 15.209
9.37405 14.827
8.64749 13.827
8.64749 12.591
9.23129 11.7875
9.28 11.84
9.59998 12.16
10.56 12.16
10.88 11.36
10.8873 11.3188

[OBSTACLE]
30.9157 26.4544
31.6423 27.4544
31.6423 28.6905
30.9157 29.6905
29.7402 30.0724
28.5646 29.6905
27.8381 28.6905
27.8381 27.4544
28.5646 26.4544
29.7402 26.0724

[OBSTACLE]
29.9512 21.9511
30.6778 22.9511
30.6778 24.1872
29.9512 25.1872
28.7757 25.5691
27.6001 25.1872
26.8735 24.1872
26.8735 22.9511
27.6001 21.9511
28.7757 21.5691

[OBSTACLE]
25.28 10.4
25.4648 10.169
26.429 10.4822
27.1555 11.4822
27.1555 12.7183
26.429 13.7183
25.2534 14.1003
25.0858 14.0458
24.64 13.6
23.9272 13.5109
23.3513 12.7183
23.3513 11.4822
24.0779 10.4822
25.2087 10.1148

[OBSTACLE]
22.0016 17.4726
22.2269 17.7828
22.08 17.92
21.6 18.72
22.4 20
22.1428 20.5143
22.0016 20.7087
20.826 21.0907
19.6505 20.7087
18.9239 19.7087
18.9239 18.4726
19.6505 17.4726
20.826 17.0907

[OBSTACLE]
16.0134 12.0131
16.4194 12.572
15.84 12.96
15.04 13.76
15.36 14.72
15.6676 15.3615
14.8378 15.6311
13.6622 15.2491
12.9357 14.2491
12.9357 13.0131
13.6622 12.0131
14.8378 11.6311

[OBSTACLE]
21.8995 29.0517
22.626 30.0517
22.626 31.2877
21.8995 32.2877
20.7239 32.6697
19.5483 32.2877
18.8218 31.2877
18.8218 30.4727
19.52 30.24
19.1423 29.6105
19.5483 29.0517
20.7239 28.6697

[OBSTACLE]
24.3697 6.9808
25.0962 7.9808
25.0962 8.1897
24.48 8.95999
24.9007 9.48593
24.3697 10.2169
23.1941 10.5988
22.1534 10.2607
22.08 9.59998
21.3795 9.33731
21.292 9.21686
21.292 7.9808
22.0186 6.9808
23.1941 6.59885

[OBSTACLE]
33.6 29.2617
33.6 33.209
33.519 33.2353
32.3434 32.8534
31.6169 31.8534
31.6169 30.6173
32.3434 29.6173
33.519 29.2353

[OBSTACLE]
12.8882 3.58929
13.4219 4.32391
13.12 4.47998
13.28 5.59998
13.5905 5.85873
12.8882 6.82538
11.7126 7.20734
10.5371 6.82538
9.85004 5.87976
10.08 4.95999
9.84653 4.53973
10.5371 3.58929
11.7126 3.20734

[OBSTACLE]
16.72 31.0427
17.4466 32.0427
17.4466 33.2787
17.2132 33.6
13.8757 33.6
13.6423 33.2787
13.6423 32.0427
14.3689 31.0427
15.5444 30.6607

[OBSTACLE]
29.1069 31.5586
29.8334 32.5586
29.8334 33.6
26.0292 33.6
26.0292 32.5586
26.7557 31.5586
27.9313 31.1767

[OBSTACLE]
19.84 9.59998
20.8 11.04
20.96 11.84
21.3674 12.2876
21.2355 12.4692
20.0599 12.8511
18.8844 12.4692
18.1578 11.4692
18.1578 10.2331
18.8844 9.23312
19.7274 8.9592

[OBSTACLE]
2.99152 1.90646
3.71805 2.90646
3.71805 4.14255
2.99152 5.14255
1.81595 5.52451
1.59998 5.45435
1.59998 1.59998
2.04822 1.59998

[OBSTACLE]
28.8471 15.3465
29.5736 16.3465
29.5736 17.3788
29.12 17.28
28 18.24
27.769 18.9329
27.6715 18.9646
26.4959 18.5826
25.7694 17.5826
25.7694 16.3465
26.4959 15.3465
27.6715 14.9646

[OBSTACLE]
8.01123 2.52408
7.28467 3.52408
6.1091 3.90604
4.93353 3.52408
4.207 2.52408
4.207 1.59998
8.01123 1.59998

[OBSTACLE]
22.3234 14.7615
23.05 15.7615
23.05 16.9976
22.3474 17.9646
22.08 17.92
21.9632 18.1147
21.1479 18.3796
19.9723 17.9976
19.2458 16.9976
19.2458 15.7615
19.9723 14.7615
21.1479 14.3796

[OBSTACLE]
15.1839 22.4222
15.9105 23.4222
15.9105 24.6583
15.5148 25.2029
15.2 24.96
14.08 24.8
12.48 25.12
12.4547 25.1379
12.1062 24.6583
12.1062 23.4222
12.8328 22.4222
14.0083 22.0403

[OBSTACLE]
4.64319 21.0734
5.36972 22.0734
5.36972 23.3094
4.64319 24.3094
3.46762 24.6914
2.29205 24.3094
1.59998 23.3569
1.59998 22.0259
2.29205 21.0734
3.46762 20.6914

[OBSTACLE]
4.22287 12.2455
4.9494 13.2455
4.9494 14.4816
4.22287 15.4816
3.0473 15.8636
1.87173 15.4816
1.59998 15.1076
1.59998 12.6196
1.87173 12.2455
3.0473 11.8636

[OBSTACLE]
9.98813 16.9044
9.91998 17.12
9.59998 20.16
9.66135 20.638
9.41486 20.7181
8.23929 20.3362
7.51273 19.3362
7.51273 18.1001
8.23929 17.1001
9.41486 16.7181

[OBSTACLE]
22.88 15.52
24.1155 15.1768
24.5558 15.3198
25.2823 16.3198
25.2823 17.5559
24.5558 18.5559
24.5112 18.5704
23.04 18.08
22.08 17.92
21.8622 18.0845
21.4781 17.5559
21.4781 16.3198
22.2047 15.3198
22.7472 15.1436

[OBSTACLE]
17.2071 16.6175
17.9337 17.6175
17.9337 18.8535
17.2071 19.8535
16.4066 20.1136
16.32 19.68
15.36 18.56
14.4 18.56
14.1295 18.6138
14.1295 17.6175
14.856 16.6175
16.0316 16.2355

[OBSTACLE]
8.04147 29.8911
8.76804 30.8911
8.76804 32.1272
8.04147 33.1272
6.86591 33.5092
5.69034 33.1272
4.96381 32.1272
4.96381 30.8911
5.21841 30.5406
5.91998 30.24
5.67535 29.9117
5.69034 29.8911
6.86591 29.5092

[OBSTACLE]
7.7518 31.1134
8.47836 32.1134
8.47836 33.3495
8.29636 33.6
4.85611 33.6
4.67413 33.3495
4.67413 32.1134
5.40067 31.1134
6.57623 30.7314

[OBSTACLE]
18.56 24.96
19.2 24.8
19.2685 24.7863
19.4838 24.8562
20.2104 25.8562
20.2104 27.0923
19.4838 28.0923
18.977 28.257
18.88 28.16
18.0611 28.394
17.1327 28.0923
16.4062 27.0923
16.4062 25.8562
17.1327 24.8562
17.9626 24.5866

[OBSTACLE]
18.2835 4.76096
19.0101 5.76096
19.0101 6.99701
18.2835 7.99701
17.108 8.379
15.9324 7.99701
15.2059 6.99701
15.2059 5.91705
15.84 5.59998
15.569 5.2612
15.9324 4.76096
17.108 4.379

[OBSTACLE]
8.28702 4.92538
8.47998 5.43997
8.79999 5.91998
9.75998 6.23999
9.98553 6.14795
10.0742 6.27002
10.0742 7.50607
9.34769 8.50607
8.17209 8.88803
6.99652 8.50607
6.26999 7.50607
6.26999 6.27002
6.99652 5.27002
8.17209 4.88803

[OBSTACLE]
3.04993 16.7573
3.77646 17.7573
3.77646 18.9934
3.04993 19.9934
1.87436 20.3753
1.59998 20.2862
1.59998 16.4645
1.87436 16.3753

[OBSTACLE]
23.68 4.31998
24.96 4.63998
25.4396 4.26541
25.8417 4.81891
25.8417 6.05496
25.1152 7.05496
23.9396 7.43695
22.764 7.05496
22.0375 6.05496
22.0375 4.81891
22.764 3.81891
23.3795 3.61893

[OBSTACLE]
22.8896 22.5689
23.6162 23.5689
23.6162 24.8049
22.8896 25.8049
21.7141 26.1869
20.5385 25.8049
19.812 24.8049
19.812 24.6897
20 24.64
20.16 23.68
19.8148 23.5649
20.5385 22.5689
21.7141 22.1869

[OBSTACLE]
10.8524 21.592
11.5789 22.592
11.5789 23.8281
10.8524 24.8281
9.67679 25.2101
9.04269 25.0041
8.79999 24.64
9.12 23.84
8.15997 23.52
7.77469 23.5987
7.77469 22.592
8.50122 21.592
9.67679 21.2101

[OBSTACLE]
27.0013 21.7468
27.7278 22.7468
27.7278 23.9828
27.0013 24.9828
26.1733 25.2519
25.92 25.28
25.12 25.12
25.1115 25.1328
24.6501 24.9828
23.9236 23.9828
23.9236 22.7468
24.6501 21.7468
25.8257 21.3648

[OBSTACLE]
17.3986 23.8634
17.28 24.16
17.9889 24.603
18.1944 24.8859
18.1944 26.122
17.4679 27.122
16.2923 27.504
15.1167 27.122
14.3902 26.122
14.3902 26.0833
14.88 25.92
15.2 24.96
14.5658 24.6442
15.1167 23.8859
16.2923 23.504

[OBSTACLE]
15.3503 26.1531
16.0768 27.1531
16.0768 28.3892
15.3503 29.3892
14.1747 29.7711
13.8796 29.6752
12.96 28.96
12.7342 29.0245
12.2726 28.3892
12.2726 27.1531
12.4789 26.8692
12.8 27.04
13.6 27.04
13.92 26.24
14.758 25.9606

[OBSTACLE]
15.629 8.28619
16.3555 9.28619
16.3555 10.5222
15.629 11.5222
14.4534 11.9042
13.2778 11.5222
12.5513 10.5222
12.5513 9.28619
13.2778 8.28619
14.4534 7.90421

[OBSTACLE]
21.9554 31.4913
22.6819 32.4913
22.6819 33.6
18.8777 33.6
18.8777 32.4913
19.6042 31.4913
20.7798 31.1094

[OBSTACLE]
23.9967 1.82819
23.9967 2.97232
23.2 3.19998
23.459 3.80435
23.2702 4.06427
22.0946 4.44623
20.919 4.06427
20.1925 3.06427
20.1925 1.82819
20.3583 1.59998
23.8309 1.59998

[OBSTACLE]
28.3928 8.50446
29.1194 9.50446
29.1194 9.86023
28.96 9.91998
29.1194 10.2918
29.1194 10.7405
28.3928 11.7405
27.2173 12.1225
26.0417 11.7405
25.3152 10.7405
25.3152 10.356
25.92 9.59998
26.56 8.63998
26.5029 8.35458
27.2173 8.1225

[OBSTACLE]
4.31998 17.6
4.79999 18.4
6.23999 17.76
6.28143 17.7393
6.58728 18.1602
6.58728 19.3963
5.86075 20.3963
4.68515 20.7783
3.50958 20.3963
2.78305 19.3963
2.78305 18.1602
3.50958 17.1602
4.12201 16.9612

[OBSTACLE]
32.5942 17.4802
33.3207 18.4802
33.3207 19.7162
32.5942 20.7162
31.4186 21.0982
30.2431 20.7162
29.526 19.7293
30.56 19.04
30.56 17.92
30.2413 17.4826
30.2431 17.4802
31.4186 17.0982

[OBSTACLE]
27.5071 13.1914
28.2336 14.1914
28.2336 15.4275
27.5071 16.4275
26.3315 16.8095
25.1559 16.4275
24.4294 15.4275
24.4294 15.0896
25.76 14.72
24.7669 13.7269
25.1559 13.1914
26.3315 12.8095

[OBSTACLE]
22.8553 13.0526
23.2307 13.5693
22.56 14.24
22.88 15.52
23.2325 15.7694
22.8553 16.2886
21.6797 16.6706
20.5042 16.2886
19.7776 15.2886
19.7776 14.0526
20.5042 13.0526
21.6797 12.6706

[OBSTACLE]
30.8322 6.46384
31.5587 7.46384
31.5587 8.69992
30.8322 9.69992
30.7884 9.71417
30.24 9.43997
29.0521 9.88544
28.481 9.69992
27.7545 8.69992
27.7545 7.46384
28.4805 6.4646
28.96 7.03998
29.6 7.03998
29.9867 6.18912

[OBSTACLE]
20.2565 1.83099
20.983 2.83099
20.983 4.06708
20.2565 5.06708
19.0809 5.44904
17.9053 5.06708
17.1788 4.06708
17.1788 2.83099
17.9053 1.83099
18.6163 1.59998
19.5455 1.59998

[OBSTACLE]
32.4355 9.9585
33.1621 10.9585
33.1621 12.1945
32.4355 13.1945
31.26 13.5765
30.0844 13.1945
29.3579 12.1945
29.3579 11.932
30.24 11.68
30.24 10.56
30.88 9.75998
30.8682 9.70383
31.26 9.57654

[OBSTACLE]
26.7843 30.1308
27.5109 31.1308
27.5109 32.3669
26.7843 33.3669
26.0669 33.6
25.1506 33.6
24.4332 33.3669
23.7067 32.3669
23.7067 31.1308
24.4332 30.1308
25.6088 29.7488

[OBSTACLE]
33.6 26.0201
33.6 29.6293
32.9987 29.8247
31.8231 29.4427
31.0966 28.4427
31.0966 27.2066
31.8231 26.2066
32.9987 25.8247

[OBSTACLE]
33.6 15.805
33.6 19.2137
32.6901 19.5094
31.5145 19.1274
30.788 18.1274
30.788 16.8913
31.5145 15.8913
32.6901 15.5094

[OBSTACLE]
9.33899 14.1934
10.0655 15.1934
10.0655 16.4294
9.33899 17.4294
8.16342 17.8114
7.08191 17.46
7.19998 17.28
7.03998 16
6.26129 16
6.26129 15.1934
6.98785 14.1934
8.16342 13.8114

[OBSTACLE]
33.6 20.9426
33.6 24.4382
32.8239 24.6904
31.6483 24.3084
30.9218 23.3084
30.9218 22.0724
31.6483 21.0724
32.8239 20.6904

[OBSTACLE]
23.2164 28.8569
23.9429 29.8569
23.9429 31.093
23.2164 32.093
22.0408 32.475
20.8652 32.093
20.1387 31.093
20.1387 29.8569
20.8652 28.8569
22.0408 28.475

[OBSTACLE]
11.7354 8.09683
12.4619 9.09683
12.4619 10.3329
11.7354 11.3329
10.9943 11.5737
10.72 10.4
9.43997 10.24
8.75592 10.468
8.65775 10.3329
8.65775 9.09683
9.38428 8.09683
10.5598 7.71487

[OBSTACLE]
17.6531 23.2529
17.6 23.36
17.28 24.16
18.56 24.96
18.7006 24.9588
18.7006 25.5932
17.974 26.5932
16.7985 26.9752
15.6229 26.5932
14.9598 25.6805
15.2 24.96
14.8964 24.9166
14.8964 24.3571
15.6229 23.3571
16.7985 22.9752

[OBSTACLE]
19.9479 16.2362
20.6745 17.2362
20.6745 18.4723
19.9479 19.4723
18.7724 19.8542
17.5968 19.4723
16.8702 18.4723
16.8702 17.2362
17.5968 16.2362
18.7724 15.8542

[OBSTACLE]
24.1523 8.1192
24.6284 8.77448
24.48 8.95999
24.8788 9.45856
24.8788 10.3553
24.1523 11.3553
22.9767 11.7372
22.0212 11.4268
22.24 11.04
22.08 9.59998
21.0746 9.22296
21.0746 9.1192
21.8011 8.1192
22.9767 7.73724

[OBSTACLE]
17.7099 25.9629
18.4365 26.9629
18.4365 28.199
18.356 28.3097
17.76 28.48
17.28 29.28
17.3025 29.3313
16.5343 29.5809
15.3588 29.199
14.6322 28.199
14.6322 26.9629
15.3588 25.9629
16.5343 25.5809

[OBSTACLE]
9.13422 1.67941
9.13422 2.91547
8.69501 3.51999
8.31998 3.51999
8.06689 4.02618
7.23212 4.29742
6.05655 3.91547
5.33002 2.91547
5.33002 1.67941
5.38773 1.59998
9.07651 1.59998

[OBSTACLE]
31.4996 1.66962
31.4996 2.90567
30.7731 3.90567
29.5975 4.28763
28.4219 3.90567
27.6954 2.90567
27.6954 1.66962
27.746 1.59998
31.449 1.59998

[OBSTACLE]
27.4099 16.7309
28.1365 17.7309
28.1365 18.123
28 18.24
27.68 19.2
27.8811 19.3184
27.4099 19.9669
26.2344 20.3489
25.0588 19.9669
24.4572 19.1389
24.96 18.72
24.3322 18.5107
24.3322 17.7309
25.0588 16.7309
26.2344 16.3489

[OBSTACLE]
8.38934 22.2699
9.047 23.175
8.15997 23.52
7.84 24.64
7.51999 25.44
7.58459 25.7675
7.21378 25.8879
6.03821 25.506
5.31168 24.506
5.31168 23.2699
6.03821 22.2699
7.21378 21.8879

[OBSTACLE]
4.40775 19.4023
5.13428 20.4023
5.13428 21.6384
4.40775 22.6384
3.23218 23.0204
2.05661 22.6384
1.59998 22.0099
1.59998 20.0308
2.05661 19.4023
3.23218 19.0204

[OBSTACLE]
22.1387 17.834
22.08 17.92
21.6 18.72
22.4 20
22.08 20.64
22.3263 20.9121
22.1976 21.0892
21.0221 21.4712
19.8465 21.0892
19.12 20.0892
19.12 18.8531
19.8465 17.8531
21.0221 17.4712

[OBSTACLE]
15.3162 2.24429
15.3162 3.48038
14.5896 4.48038
14.1182 4.63354
13.12 4.47998
13.0708 4.75079
12.2385 4.48038
11.5119 3.48038
11.5119 2.24429
11.98 1.59998
14.848 1.59998

[OBSTACLE]
3.20407 22.0486
3.93063 23.0486
3.93063 24.2846
3.20407 25.2846
2.0285 25.6666
1.59998 25.5274
1.59998 21.8058
2.0285 21.6666

[OBSTACLE]
23.7411 10.5706
24.4676 11.5706
24.4676 12.8067
23.9536 13.5142
23.36 13.44
22.6334 14.1666
22.5655 14.1886
21.3899 13.8067
20.6634 12.8067
20.6634 11.7756
20.96 11.84
22.24 11.04
22.16 10.3204
22.5655 10.1886

[OBSTACLE]
12.4964 17.5951
13.2229 18.5951
13.2229 19.8311
12.4964 20.8311
11.3208 21.2131
10.1452 20.8311
9.66672 20.1725
10.24 19.84
10.3852 17.5171
11.3208 17.2131

[OBSTACLE]
19.377 12.7841
20.1036 13.7841
20.1036 15.0202
19.377 16.0202
18.2015 16.4021
17.0259 16.0202
16.2993 15.0202
16.2993 14.1238
17.12 13.44
16.9968 12.8241
17.0259 12.7841
18.2015 12.4021

[OBSTACLE]
5.83578 5.5741
6.56232 6.5741
6.56232 7.81015
6.00336 8.5795
4.63998 8.15997
3.79507 8.91101
3.48465 8.81015
2.75809 7.81015
2.75809 6.5741
3.48465 5.5741
4.66022 5.19214

[OBSTACLE]
33.6 30.8565
33.6 33.6
30.9464 33.6
30.5949 33.1161
30.5949 31.8801
31.3215 30.8801
32.497 30.4981

[OBSTACLE]
31.2184 18.582
31.9449 19.582
31.9449 20.8181
31.2184 21.8181
30.0428 22.2
28.8673 21.8181
28.1407 20.8181
28.1407 19.7877
29.12 20
30.56 19.04
30.8217 18.4531

[OBSTACLE]
17.7332 2.28864
17.7332 3.52469
17.0066 4.52469
15.8311 4.90665
14.6555 4.52469
13.9289 3.52469
13.9289 2.28864
14.4293 1.59998
17.2328 1.59998

[OBSTACLE]
25.44 26.88
25.92 26.72
26.72 26.88
26.7919 26.7877
27.4768 27.7303
27.4768 28.9664
26.7503 29.9664
25.5747 30.3484
24.3991 29.9664
23.6726 28.9664
23.6726 27.7303
24.3991 26.7303
25.0188 26.529

[OBSTACLE]
29.0328 9.77304
28.96 9.91998
29.44 11.04
29.12 12
29.8713 12.4027
29.3547 13.1137
28.1792 13.4957
27.0036 13.1137
26.277 12.1137
26.277 10.8777
27.0036 9.87766
28.1792 9.4957

[OBSTACLE]
3.87988 13.3726
4.60641 14.3726
4.60641 15.6087
3.87988 16.6087
2.70432 16.9906
1.59998 16.6318
1.59998 13.3495
2.70432 12.9906

[OBSTACLE]
2.9079 27.4561
3.63446 28.4561
3.63446 28.5114
3.19998 28.64
2.71997 30.08
3.06241 30.4795
2.9079 30.6922
1.73233 31.0742
1.59998 31.0312
1.59998 27.1172
1.73233 27.0742

[OBSTACLE]
8.02896 28.2022
8.75552 29.2022
8.75552 30.4382
8.02896 31.4382
6.85339 31.8202
5.67783 31.4382
5.0813 30.6172
5.91998 30.24
5.0293 29.0948
5.67783 28.2022
6.85339 27.8202

