[SCALE]
1

[BORDER]
0 0
34 0
34 34
0 34

[OBSTACLE]
24.6465 22.0613
26.3191 22.9135
26.7132 23.3077
25.12 25.12
24.48 26.08
25.44 26.88
25.92 26.72
26.72 26.88
28.585 26.4585
28.7924 27.7676
28.4987 29.6217
27.6465 31.2943
26.3191 32.6217
24.6465 33.474
23.8509 33.6
21.7338 33.6
20.9383 33.474
19.2657 32.6217
18.0184 31.3745
19.52 30.24
19.04 29.44
19.2 28.48
18.88 28.16
16.8862 28.3599
16.7924 27.7676
17.086 25.9135
17.8105 24.4916
18.56 24.96
19.2 24.8
20 24.64
20.16 23.68
19.5674 22.7598
20.9383 22.0613
22.7924 21.7676

[OBSTACLE]
8.84692 16.6474
9.91257 17.1904
9.59998 20.16
10.24 19.84
11.7167 18.6968
11.8469 18.827
12.6992 20.4996
12.9928 22.3537
12.6992 24.2079
11.8977 25.7808
9.12 23.84
8.15997 23.52
7.84 24.64
7.51999 25.44
7.99069 28.1957
6.99283 28.3537
5.13873 28.0601
3.46613 27.2079
2.13873 25.8805
1.59998 24.8231
1.59998 19.8844
2.13873 18.827
3.46613 17.4996
4.08597 17.1838
4.31998 17.6
4.79999 18.4
6.23999 17.76
7.19998 17.28
7.23624 16.3923

[OBSTACLE]
32.7625 17.9692
33.6 18.8066
33.6 26.84
32.7625 27.6774
31.0899 28.5296
29.2358 28.8233
27.3817 28.5296
26.1014 27.8773
26.72 26.88
27.2 25.76
27.36 25.12
25.92 25.28
25.12 25.12
24.0572 25.713
23.5295 24.6774
23.2358 22.8233
23.5295 20.9692
23.7335 20.5688
24 20.48
24 20.0457
24.3817 19.2966
24.9501 18.7282
24.96 18.72
24.9591 18.7192
25.7091 17.9692
26.8926 17.3662
27.68 19.2
29.12 20
30.56 19.04
31.2114 17.1789

[OBSTACLE]
30.5609 24.5331
32.2335 25.3853
33.5609 26.7127
33.6 26.7894
33.6 33.6
23.768 33.6
23.0005 32.0935
22.7068 30.2394
23.0005 28.3853
23.8527 26.7127
24.4829 26.0825
25.44 26.88
25.92 26.72
26.72 26.88
27.2 25.76
27.36 25.12
27.1915 24.4794
28.7068 24.2394

[OBSTACLE]
10.4748 24.4072
12.1474 25.2594
12.303 25.415
12 25.92
12.8 27.04
13.6 27.04
13.6804 26.9903
14.3271 28.2594
14.3783 28.5829
12.96 28.96
11.84 29.28
11.68 30.24
12.48 31.2
14.3646 31.7306
14.3271 31.9676
13.4953 33.6
3.74612 33.6
2.9144 31.9676
2.82266 31.3885
3.67999 31.2
5.91998 30.24
4.79999 28.8
2.96109 28.1678
3.76663 26.5868
5.09402 25.2594
6.76663 24.4072
7.25839 24.3293
7.51999 25.44
8.31998 26.08
9.43997 25.6
9.67935 24.2812

[OBSTACLE]
20.6878 10.8716
20.8 11.04
20.96 11.84
21.7042 11.3749
22.4022 11.7305
23.7296 13.0579
23.7757 13.1485
23.36 13.44
22.56 14.24
22.88 15.52
24.633 15.0539
24.8755 16.5846
24.5818 18.4387
24.5142 18.5714
23.04 18.08
22.08 17.92
21.6 18.72
22.4 20
22.08 20.64
22.5748 21.2661
22.4022 21.4387
20.7296 22.291
18.8755 22.5846
17.0214 22.291
15.3488 21.4387
15.0854 21.1754
16.32 19.68
15.36 18.56
14.4 18.56
13.4456 18.9812
13.1692 18.4387
12.8755 16.5846
13.1692 14.7305
13.6395 13.8074
15.36 14.72
16.16 14.24
17.12 13.44
16.96 12.64
16.2864 11.2528
17.0214 10.8783
18.8755 10.5846

[OBSTACLE]
17.4097 18.5429
19.0823 19.3951
20.4097 20.7225
21 21.8811
17.6 23.36
17.28 24.16
18.56 24.96
21.3389 25.6174
21.262 26.1033
20.4097 27.7759
19.434 28.7516
19.2 28.48
18.88 28.16
17.76 28.48
17.28 29.28
17.4964 29.9114
17.4097 29.9556
15.5556 30.2492
14.3777 30.0627
13.4854 29.3687
14.88 25.92
15.2 24.96
14.08 24.8
12.48 25.12
9.81311 25.875
9.5556 24.2492
9.84927 22.3951
10.7015 20.7225
12.0289 19.3951
13.2839 18.7556
13.6 19.52
14.08 20.16
14.56 20.8
15.2 20.32
16.32 19.68
16.5334 18.4041

[OBSTACLE]
29.5743 7.26968
28.96 9.91998
29.44 11.04
29.12 12
30.24 11.68
33.1609 9.67578
33.6 10.5374
33.6 15.577
33.0869 16.5839
31.7595 17.9113
30.7918 18.4044
30.56 17.92
29.12 17.28
28 18.24
27.7529 18.9812
26.3787 18.7635
24.7061 17.9113
23.3787 16.5839
23.279 16.3882
25.76 14.72
24.64 13.6
23.36 13.44
22.3065 13.5227
22.2328 13.0572
22.5265 11.2031
23.3787 9.53052
23.8216 9.08759
25.28 10.4
25.92 9.59998
26.56 8.63998
26.4 7.84
26.251 7.41595
26.3787 7.35089
28.2328 7.05722

[OBSTACLE]
21.6444 1.89468
22.9718 3.22208
23.824 4.89468
24.1177 6.74878
23.824 8.60287
22.9844 10.2508
22.08 9.59998
20.8 9.12
19.84 9.59998
20.8446 11.2631
20.96 11.84
21.0085 11.9269
19.9718 12.4551
18.1177 12.7488
16.2636 12.4551
14.591 11.6029
13.2636 10.2755
12.4113 8.60287
12.1177 6.74878
12.202 6.21667
14.24 6.39999
15.84 5.59998
15.2 4.79999
13.1554 3.43436
13.2636 3.22208
14.591 1.89468
15.1694 1.59998
21.066 1.59998

[OBSTACLE]
8.26309 2.88739
8 4.15997
8.47998 5.43997
8.79999 5.91998
9.75998 6.23999
11.4482 4.70258
11.916 5.17044
12.7682 6.84305
13.0619 8.69714
12.7682 10.5512
12.4379 11.1997
10.72 10.4
9.43997 10.24
8.47998 10.56
9.28 11.84
10.5144 13.5891
8.91602 14.4035
7.06192 14.6971
5.20782 14.4035
3.53519 13.5512
2.94037 12.9564
4.63998 11.2
5.59998 9.75998
6.71997 8.79999
4.63998 8.15997
1.59998 7.48575
1.59998 6.36337
2.20782 5.17044
3.53519 3.84305
5.20782 2.99081
7.06192 2.69714

[OBSTACLE]
9.09497 8.18796
8.47998 10.56
9.28 11.84
9.59998 12.16
10.56 12.16
12.684 10.8743
13.3071 12.0972
13.6007 13.9513
13.3071 15.8054
12.4548 17.478
11.4291 18.5038
10.4 17.28
9.91998 17.12
9.66406 19.551
9.45483 19.6577
7.60074 19.9513
6.89191 19.8391
7.19998 17.28
7.03998 16
5.28 16
4.15997 16.32
2.67682 17.341
1.89438 15.8054
1.60074 13.9513
1.89438 12.0972
2.74661 10.4246
3.09302 10.0782
3.84 10.72
4.63998 11.2
5.59998 9.75998
6.71997 8.79999
6.60193 8.1095
7.60074 7.95132

[OBSTACLE]
14.5878 2.29984
14.2942 4.15393
14.0548 4.62381
13.12 4.47998
13.28 5.59998
13.4747 5.76224
13.4419 5.82657
12.1146 7.15393
11.5148 7.45953
9.28 3.51999
8.31998 3.51999
8 4.15997
6.78207 8.01385
6.73373 8.0062
5.06113 7.15393
3.73373 5.82657
2.8815 4.15393
2.58783 2.29984
2.69867 1.59998
14.477 1.59998

[OBSTACLE]
33.6 9.62448
32.5606 10.1541
30.9014 10.4168
30.88 9.75998
30.24 9.43997
28.96 9.91998
28.8837 10.159
28.8524 10.1541
28.6439 10.0478
30.4 5.28
28.96 4.79999
28 4.95999
24.8812 5.55029
24.7382 4.6474
24.96 4.63998
25.28 3.19998
24.923 3.08099
25.0002 2.5936
25.5065 1.59998
33.6 1.59998

[OBSTACLE]
4.05542 1.72925
5.72803 2.58148
7.05542 3.90887
7.90765 5.58148
8.20132 7.43558
7.9317 9.13779
4.63998 8.15997
3.19998 9.43997
4.84418 12.74
4.05542 13.1419
2.20132 13.4356
1.59998 13.3403
1.59998 1.59998
3.23926 1.59998

[OBSTACLE]
23.2 3.19998
23.68 4.31998
24.96 4.63998
26.8296 2.63815
27.6364 3.44498
28.3413 4.8284
28 4.95999
28.16 6.07999
28.754 6.79279
28.7823 6.97168
28.5626 8.35904
26.4 7.84
25.12 8.15997
24.48 8.95999
25.12 9.75998
25.28 10.4
26.3146 11.8202
26.309 11.8258
24.6364 12.678
22.7823 12.9717
21.999 12.8476
22.24 11.04
22.08 9.59998
20.8 9.12
19.84 9.59998
18.3557 10.9258
17.9282 10.4984
17.076 8.82578
16.7823 6.97168
17.076 5.11758
17.9282 3.44498
19.2556 2.11758
20.2715 1.59998
23.3772 1.59998

[OBSTACLE]
31.7474 10.0694
33.42 10.9217
33.6 11.1016
33.6 20.4499
33.42 20.6299
31.7474 21.4821
31.6713 21.4941
30.56 17.92
29.12 17.28
28 18.24
26.2519 20.5152
25.0392 19.3025
24.8073 18.8473
24.96 18.72
24.6979 18.6326
24.187 17.6299
23.8933 15.7758
23.9823 15.2138
25.76 14.72
24.64 13.6
24.4012 13.5011
25.0392 12.249
26.3666 10.9217
28.0392 10.0694
28.7031 9.96426
29.12 12
30.24 11.68
30.346 10.4275
30.7578 9.91269

[OBSTACLE]
4.26312 17.1453
4.31998 17.6
4.79999 18.4
6.00119 17.8661
6.40488 18.0718
7.73227 19.3992
8.5845 21.0718
8.87817 22.9259
8.77316 23.589
8.15997 23.52
7.84 24.64
7.51999 25.44
8.03735 25.8539
7.73227 26.4526
6.40488 27.78
4.73227 28.6322
4.10925 28.7309
3.19998 28.64
3.11731 28.888
2.87817 28.9259
1.59998 28.7234
1.59998 17.1284
2.87817 16.9259

[OBSTACLE]
18.3773 25.8174
18.4375 25.8481
17.28 29.28
17.76 30.24
18.24 30.72
18.6355 30.5348
19.52 30.24
21.9827 29.185
22.2296 29.6696
22.5233 31.5237
22.2296 33.3778
22.1164 33.6
10.9301 33.6
10.8169 33.3778
10.5233 31.5237
10.5984 31.0493
12.48 31.2
14.08 31.2
14.4 30.08
12.96 28.96
11.6564 28.0221
11.6692 27.997
12.7212 26.945
12.8 27.04
13.6 27.04
13.92 26.24
14.88 25.92
14.9278 25.7765
16.5233 25.5237

[OBSTACLE]
3.52136 23.2226
5.19397 24.0748
6.52136 25.4022
7.3736 27.0748
7.49332 27.8307
3.19998 28.64
2.71997 30.08
3.67999 31.2
5.60495 33.372
5.37701 33.6
1.59998 33.6
1.59998 22.9396
1.66727 22.9289

[OBSTACLE]
25.5306 2.15628
25.3904 3.04172
24.32 2.87997
23.2 3.19998
23.68 4.31998
24.7855 4.89642
24.3847 5.68298
23.0573 7.01038
21.3847 7.86261
19.5306 8.15628
17.6765 7.86261
16.0039 7.01038
15.1952 6.20166
15.84 5.59998
15.2 4.79999
14.1438 4.63748
13.8243 4.01038
13.5306 2.15628
13.6187 1.59998
25.4425 1.59998

[OBSTACLE]
8.71976 9.39731
8.47998 10.56
9.28 11.84
9.59998 12.16
10.56 12.16
11.7057 11.0109
12.3756 11.6808
13.2278 13.3534
13.5215 15.2075
13.2278 17.0616
12.3875 18.7109
10.4 17.28
9.91998 17.12
9.59998 20.16
9.82111 20.6869
9.37558 20.9139
7.52148 21.2075
6.61301 21.0636
7.19998 17.28
7.03998 16
5.28 16
4.15997 16.32
1.83011 17.091
1.81516 17.0616
1.59998 15.7031
1.59998 14.712
1.81516 13.3534
2.66739 11.6808
3.74457 10.6036
3.84 10.72
4.63998 11.2
5.59998 9.75998
5.95505 9.45563
7.52148 9.20752

[OBSTACLE]
13.12 4.47998
13.28 5.59998
14.24 6.39999
15.84 5.59998
16.7895 4.31201
18.0871 5.60959
18.9393 7.2822
19.233 9.13632
18.9393 10.9904
18.0871 12.663
17.5528 13.1973
16.96 12.64
15.84 12.96
15.04 13.76
15.3553 14.706
15.0871 14.8427
13.233 15.1363
11.3788 14.8427
9.70624 13.9904
9.30051 13.5847
10.56 12.16
10.88 11.36
10.72 10.4
9.43997 10.24
7.49728 10.8053
7.23297 9.13632
7.52661 7.2822
8.37704 5.61313
8.79999 5.91998
9.75998 6.23999
10.08 4.95999
9.70444 4.284
9.70624 4.2822
11.3788 3.42996
13.088 3.1593

[OBSTACLE]
3.6669 6.38708
3.19998 9.43997
3.84 10.72
4.63998 11.2
7.94714 9.35059
8.47729 10.3911
8.50284 10.5524
8.47998 10.56
8.51221 10.6116
8.77094 12.2452
8.47729 14.0993
7.62503 15.7719
7.22989 16.167
7.03998 16
5.28 16
4.15997 16.32
4.31998 17.6
4.43057 17.9823
2.77094 18.2452
1.59998 18.0597
1.59998 6.43063
2.77094 6.24518

[OBSTACLE]
13.6 19.52
14.08 20.16
14.56 20.8
15.2 20.32
16.32 19.68
18.1178 17.646
19.0398 18.568
19.892 20.2406
20.1857 22.0947
19.9626 23.5029
18.72 23.2
17.6 23.36
17.28 24.16
19.1489 25.4073
19.0398 25.6214
17.7124 26.9488
16.1804 27.7294
15.2 24.96
14.08 24.8
12.48 25.12
12 25.92
11.2423 27.246
10.659 26.9488
9.3653 25.6552
9.43997 25.6
8.93369 24.8405
8.81384 24.6053
9.12 23.84
8.42545 23.6085
8.18567 22.0947
8.47934 20.2406
8.71146 19.7851
9.59998 20.16
10.24 19.84
10.3853 17.5143
10.659 17.2406
12.3316 16.3884
12.8683 16.3034

[OBSTACLE]
26.0464 17.5368
27.719 18.3891
27.8925 18.5626
27.68 19.2
29.12 20
29.1731 19.9651
29.8986 21.3891
30.1923 23.2432
29.8986 25.0973
29.3011 26.2701
27.36 25.12
25.92 25.28
25.12 25.12
24.48 26.08
24.7912 29.1483
24.1923 29.2432
22.3382 28.9495
20.6656 28.0973
19.3382 26.7699
18.5065 25.1376
20 24.64
20.16 23.68
18.72 23.2
18.1998 23.1959
18.486 21.3891
19.3382 19.7165
20.4381 18.6165
22.08 20.64
23.04 20.8
24 20.48
24 19.52
24.96 18.72
25.184 17.4002

[OBSTACLE]
33.6 5.19894
33.6 16.7072
32.0478 16.9531
30.1937 16.6594
28.5211 15.8072
27.1937 14.4798
26.5276 13.1726
30.24 11.68
30.24 10.56
30.88 9.75998
27.9023 6.7178
28.3328 6.28732
28.96 7.03998
29.6 7.03998
30.4 5.28
30.3817 5.21698
32.0478 4.95309

[OBSTACLE]
19.2108 8.98849
19.9536 9.36697
19.84 9.59998
20.8 11.04
20.96 11.84
22.1432 11.1005
22.2108 11.1681
23.063 12.8407
23.1855 13.6144
22.56 14.24
22.88 15.52
23.218 15.5705
23.063 16.549
22.3422 17.9637
22.08 17.92
21.6 18.72
21.6432 18.7891
20.8834 19.549
19.2108 20.4012
17.3567 20.6949
16.1487 20.5035
16.32 19.68
15.36 18.56
14.4 18.56
13.6914 19.4103
12.5026 18.2216
11.6504 16.549
11.3686 14.7702
15.36 14.72
16.16 14.24
17.12 13.44
16.2578 8.8689
17.3567 8.69485

[OBSTACLE]
12.011 16.233
13.6836 17.0853
14.8221 18.2238
14.4 18.56
13.6 19.52
14.08 20.16
14.56 20.8
15.9207 20.4479
16.1569 21.9394
15.8633 23.7935
15.2528 24.9916
15.2 24.96
14.08 24.8
12.48 25.12
12 25.92
12.6486 27.3209
12.011 27.6457
10.1569 27.9394
9.01715 27.7589
9.43997 25.6
8.79999 24.64
9.12 23.84
8.15997 23.52
5.47885 25.6422
5.3028 25.4661
4.45056 23.7935
4.15692 21.9394
4.45056 20.0853
5.3028 18.4127
5.72784 17.9876
6.23999 17.76
7.19998 17.28
7.14297 16.824
8.3028 16.233
8.36768 16.2227
9.59998 20.16
10.24 19.84
10.4 17.28
10.4673 15.9886

[OBSTACLE]
33.6 13.2085
33.6 24.9226
32.6975 25.0655
30.8434 24.7719
29.1708 23.9196
27.8434 22.5923
26.9912 20.9196
26.9359 20.5705
29.12 20
30.56 19.04
30.56 17.92
27.4731 16.2657
27.8434 15.5388
29.1708 14.2114
30.8434 13.3592
32.6975 13.0655

[OBSTACLE]
33.1867 1.60068
33.4803 3.45477
33.1867 5.30887
32.5247 6.60825
30.4 5.28
28.96 4.79999
28 4.95999
28.16 6.07999
28.9725 9.21844
27.4803 9.45477
26.4445 9.29071
26.56 8.63998
26.4 7.84
25.12 8.15997
24.6976 8.68793
23.9536 8.30887
22.6263 6.98148
22.1149 5.97791
24.96 4.63998
25.28 3.19998
24.32 2.87997
21.6483 2.39407
21.774 1.60068
21.7744 1.59998
33.1863 1.59998

[OBSTACLE]
6.3988 20.727
8.07141 21.5792
9.18567 22.6935
8.15997 23.52
7.84 24.64
7.51999 25.44
8.31998 26.08
10.4571 25.88
10.5447 26.4333
10.251 28.2874
9.3988 29.96
8.07141 31.2874
6.57404 32.0504
5.91998 30.24
4.79999 28.8
3.19998 28.64
1.59998 31.2656
1.59998 21.2827
2.69061 20.727
4.54471 20.4333

[OBSTACLE]
20.8 11.04
20.96 11.84
22.24 11.04
22.2972 10.7961
22.795 10.8749
24.3419 11.6631
22.56 14.24
22.88 15.52
25.76 14.72
26.4983 14.4348
26.6473 14.7272
26.9409 16.5813
26.6473 18.4354
26.1733 19.3656
24.96 18.72
23.04 18.08
22.08 17.92
21.6 18.72
22.1491 20.5018
22.08 20.64
22.5531 22.3259
20.9409 22.5813
19.0868 22.2876
17.4142 21.4354
16.0868 20.108
15.9837 19.9055
16.32 19.68
15.36 18.56
15.2981 18.56
15.2346 18.4354
14.9409 16.5813
15.2346 14.7272
15.256 14.6853
15.36 14.72
16.16 14.24
17.12 13.44
16.96 12.64
16.7296 12.4118
17.4142 11.7272
19.0868 10.8749
20.5369 10.6453

[OBSTACLE]
18.3096 1.78992
18.6033 3.64401
18.3096 5.49814
18.0247 6.05743
15.2 4.79999
13.12 4.47998
13.28 5.59998
14.5595 9.29837
14.4574 9.35037
12.6033 9.64401
10.7492 9.35037
9.0766 8.49814
8.22232 7.64386
9.75998 6.23999
10.08 4.95999
9.28 3.51999
6.63855 3.42139
6.89697 1.78992
6.99374 1.59998
18.2129 1.59998

