[SCALE]
0.016

[BORDER]
0 0
2000 0
2000 2000
0 2000

[OBSTACLE]
480 640
430 560
490 540
570 550
580 610
560 660
500 660

[OBSTACLE]
1300 1150
1250 1070
1280 1020
1340 1030
1460 1070
1400 1120
1400 1180
1340 1200
1280 1190

[OBSTACLE]
390 1440
410 1370
470 1390
450 1440
490 1500
420 1530
370 1490

[OBSTACLE]
1010 1790
980 1730
1010 1680
1080 1660
1100 1680
1090 1740
1120 1790
1060 1810
1040 1820

[OBSTACLE]
780 1160
750 1120
800 1060
860 1060
920 1130
850 1170
810 1200

[OBSTACLE]
1200 590
1140 500
1200 470
1280 500
1290 590
1210 640

[OBSTACLE]
1740 590
1710 520
1790 490
1830 510
1790 560
1790 630
1720 650

[OBSTACLE]
860 820
840 760
890 710
960 690
970 740
910 790

[OBSTACLE]
170 1000
160 920
230 900
340 900
350 980
290 1010
200 1050

[OBSTACLE]
1490 1580
1430 1530
1470 1470
1520 1480
1610 1470
1600 1510
1570 1580
1520 1570

[OBSTACLE]
1060 1460
980 1410
1000 1360
1070 1350
1160 1380
1150 1440
1100 1450

[OBSTACLE]
700 1590
650 1520
680 1470
780 1450
850 1460
830 1520
770 1540
750 1590

[OBSTACLE]
1470 510
1430 460
1470 410
1550 390
1560 440
1520 500
1480 550

[OBSTACLE]
1380 170
1350 100
1420 80
1480 100
1460 190

[OBSTACLE]
1710 340
1660 280
1650 210
1710 200
1800 230
1750 340

[OBSTACLE]
680 1850
630 1790
640 1730
710 1710
800 1780
780 1850

[OBSTACLE]
730 250
790 300
890 250
850 200
720 180

[OBSTACLE]
130 1850
70 1780
100 1690
200 1700
470 1990

[OBSTACLE]
470 1990
670 1990
670 2100
470 2100

[OBSTACLE]
1720 1150
1630 1100
1650 1040
1720 980
1810 1020
1810 1090

[OBSTACLE]
1330 870
1310 790
1360 740
1440 750
1510 820

[OBSTACLE]
190 600
140 570
100 490
190 410
320 450
250 510

[OBSTACLE]
500 1160
520 970
550 980
540 1140

[OBSTACLE]
430 240
400 160
420 120
480 120
530 210
510 290
450 270

[OBSTACLE]
1000 50
1100 150
1200 80

[OBSTACLE]
1000 200
1100 300
1200 230

[OBSTACLE]
1000 200
1100 300
1200 230

[OBSTACLE]
900 2150
1000 2000
1200 2100

[OBSTACLE]
1000 1950
1050 1980
1120 1930

[OBSTACLE]
1800 1950
1950 1980
2000 1930

[OBSTACLE]
1600 1950
1750 1980
1800 1930

[OBSTACLE]
1500 2080
1650 2100
1700 2010

[OBSTACLE]
1400 1920
1550 1950
1600 1880

[OBSTACLE]
1800 1800
1950 1830
2000 1780

[OBSTACLE]
1800 1700
1950 1730
2000 1680

[OBSTACLE]
1800 1500
1950 1630
2000 1580

[OBSTACLE]
1800 1400
1950 1530
2000 1480

[OBSTACLE]
1800 1300
1950 1430
2000 1380

[OBSTACLE]
1800 1200
1950 1330
2000 1280

[OBSTACLE]
1800 1100
1950 1230
2000 1180

[OBSTACLE]
1750 1000
1900 1130
1950 1080

[OBSTACLE]
1750 900
1900 1030
1950 980

[OBSTACLE]
1750 800
1900 930
1950 880

[OBSTACLE]
1750 700
1900 830
1950 780

[OBSTACLE]
1750 600
1900 730
1950 680

[OBSTACLE]
1750 500
1900 630
1950 580

[OBSTACLE]
1750 400
1900 530
1950 480

[OBSTACLE]
1750 300
1900 430
1950 380

[OBSTACLE]
1750 200
1900 330
1950 280

[OBSTACLE]
1750 100
1900 230
1950 180

[OBSTACLE]
0 2100
100 2100
100 2200
0 2200

[OBSTACLE]
150 2100
200 2100
200 2150
150 2150

[OBSTACLE]
150 2150
200 2150
200 2200
150 2200

[OBSTACLE]
200 2100
250 2100
250 2150
200 2150

[OBSTACLE]
200 2150
250 2150
250 2200
200 2200

[OBSTACLE]
250 2100
300 2100
300 2150
250 2150

[OBSTACLE]
250 2150
300 2150
300 2200
250 2200

[OBSTACLE]
300 2100
350 2100
350 2150
300 2150

[OBSTACLE]
300 2150
350 2150
350 2200
300 2200

[OBSTACLE]
350 2100
400 2100
400 2150
350 2150

[OBSTACLE]
350 2150
400 2150
400 2200
350 2200

[OBSTACLE]
400 2100
450 2100
450 2150
400 2150

[OBSTACLE]
400 2150
450 2150
450 2200
400 2200

[OBSTACLE]
450 2100
500 2100
500 2150
450 2150

[OBSTACLE]
450 2150
500 2150
500 2200
450 2200

[OBSTACLE]
500 2100
700 2100
700 2300
500 2300

[OBSTACLE]
550 2080
750 2080
750 2280
550 2280

[OBSTACLE]
620 2120
820 2120
820 2320
620 2320

[OBSTACLE]
650 2100
850 2100
850 2300
650 2300

[OBSTACLE]
720 2160
920 2160
920 2360
720 2360

[OBSTACLE]
750 2060
950 2060
950 2260
750 2260

[OBSTACLE]
810 2100
1010 2100
1010 2300
810 2300

[OBSTACLE]
870 2140
1070 2140
1070 2340
870 2340

[OBSTACLE]
920 2040
1130 2040
1130 2240
920 2240

[OBSTACLE]
950 2100
1100 2100
1100 2300
950 2300

[OBSTACLE]
1020 2150
1170 2150
1170 2350
1020 2350

[OBSTACLE]
1150 2050
1200 2050
1200 2250
1150 2250

[OBSTACLE]
1200 2120
1250 2120
1250 2320
1200 2320

[OBSTACLE]
1250 2060
1300 2060
1300 2260
1250 2260

[OBSTACLE]
1300 2100
1350 2100
1350 2300
1300 2300

[OBSTACLE]
1400 2100
1450 2100
1450 2150
1400 2150

[OBSTACLE]
1400 2150
1450 2150
1450 2200
1400 2200

[OBSTACLE]
1450 2100
1500 2100
1500 2150
1450 2150

[OBSTACLE]
1450 2150
1500 2150
1500 2200
1450 2200

[OBSTACLE]
1500 2100
1550 2100
1550 2150
1500 2150

[OBSTACLE]
1500 2150
1550 2150
1550 2200
1500 2200

[OBSTACLE]
1550 2100
1600 2100
1600 2150
1550 2150

[OBSTACLE]
1550 2150
1600 2150
1600 2200
1550 2200

[OBSTACLE]
1600 2100
1650 2100
1650 2150
1600 2150

[OBSTACLE]
1600 2150
1650 2150
1650 2200
1600 2200

[OBSTACLE]
1650 2100
1700 2100
1700 2150
1650 2150

[OBSTACLE]
1650 2150
1700 2150
1700 2200
1650 2200

[OBSTACLE]
1700 2100
1750 2100
1750 2150
1700 2150

[OBSTACLE]
1700 2150
1750 2150
1750 2200
1700 2200

[OBSTACLE]
1750 2100
1800 2100
1800 2150
1750 2150

[OBSTACLE]
1750 2150
1800 2150
1800 2200
1750 2200

[OBSTACLE]
1800 2100
1850 2100
1850 2150
1800 2150

[OBSTACLE]
1800 2150
1850 2150
1850 2200
1800 2200

[OBSTACLE]
1850 2100
1900 2100
1900 2150
1850 2150

[OBSTACLE]
1850 2150
1900 2150
1900 2200
1850 2200

