[SCALE]
1

[BORDER]
0 0
34 0
34 34
0 34

[OBSTACLE]
30.8286 25.7999
31.9436 26.3681
32.8286 27.253
33.3967 28.3681
33.5925 29.6042
33.3967 30.8402
32.8286 31.9553
31.9436 32.8402
30.8286 33.4084
29.6189 33.6
29.5661 33.6
28.3564 33.4084
27.2413 32.8402
26.3564 31.9553
25.7883 30.8402
25.5925 29.6042
25.7883 28.3681
26.3564 27.253
27.2413 26.3681
28.3564 25.7999
29.5925 25.6042

[OBSTACLE]
20.3425 13.0595
21.4576 13.6276
22.3425 14.5126
22.9106 15.6276
23.1064 16.8637
22.917 18.0595
22.08 17.92
21.6 18.72
22.0759 19.4814
21.4576 20.0998
20.3425 20.6679
19.1064 20.8637
17.8703 20.6679
16.7553 20.0998
16.2269 19.5714
15.7957 19.0683
15.3022 18.0998
15.1064 16.8637
15.3022 15.6276
15.8703 14.5126
16.1173 14.2656
16.16 14.24
17.1144 13.4447
17.8703 13.0595
19.1064 12.8637

[OBSTACLE]
17.9779 7.05539
19.093 7.62354
19.9779 8.50848
20.3931 9.32343
19.84 9.59998
20.7299 10.9348
20.5461 12.0957
19.9779 13.2108
19.093 14.0957
17.9779 14.6638
17.3148 14.7689
17.12 13.44
16.96 12.64
15.84 12.96
15.04 13.76
14.7389 14.2731
14.3907 14.0957
13.5057 13.2108
12.9376 12.0957
12.7418 10.8596
12.9376 9.62354
13.5057 8.50848
14.3907 7.62354
15.5057 7.05539
16.7418 6.85962

[OBSTACLE]
32.1464 1.65491
33.2614 2.22305
33.6 2.56158
33.6 8.35666
33.2614 8.69519
32.1464 9.26334
30.9103 9.45914
29.6743 9.26334
28.5592 8.69519
28.3781 8.51413
29.6 7.03998
30.4 5.28
27.149 4.13882
27.6743 3.10797
28.5592 2.22305
29.6743 1.65491
30.0211 1.59998
31.7996 1.59998

[OBSTACLE]
11.7493 11.8818
12.8644 12.4499
13.7493 13.3348
14.3175 14.4499
14.5132 15.686
14.3175 16.9221
13.7493 18.0371
12.8644 18.9221
11.7493 19.4902
10.5132 19.686
10.2522 19.6447
10.4 17.28
9.91998 17.12
8.9982 19.3481
8.16211 18.9221
7.27719 18.0371
6.95404 17.403
7.19998 17.28
7.03998 16
6.56299 16
6.51324 15.686
6.70901 14.4499
7.27719 13.3348
8.16211 12.4499
9.27719 11.8818
9.31567 11.8757
9.59998 12.16
10.56 12.16
10.7355 11.7212

[OBSTACLE]
23.7679 2.16409
23.9179 2.31415
23.2 3.19998
23.68 4.31998
24.96 4.63998
25.2853 4.57019
25.4168 5.40018
25.221 6.63623
24.6528 7.75131
23.7679 8.63623
22.6528 9.20441
21.5085 9.38565
20.8 9.12
20.5228 9.25858
20.1807 9.20441
19.0656 8.63623
18.1807 7.75131
17.6125 6.63623
17.4168 5.40018
17.6125 4.16409
18.1807 3.04904
19.0656 2.16409
20.1728 1.59998
22.6607 1.59998

[OBSTACLE]
28.9657 9.93329
29.2437 10.5821
29.12 12
30.24 11.68
30.9165 10.4982
31.3026 10.6949
32.1875 11.5799
32.7557 12.6949
32.9514 13.931
32.7557 15.1671
32.1875 16.2822
31.3026 17.1671
30.1875 17.7352
30.1556 17.7403
29.12 17.28
28.4526 17.852
27.7154 17.7352
26.6003 17.1671
25.7154 16.2822
25.1472 15.1671
25.1052 14.9019
25.76 14.72
24.9541 13.9141
25.1472 12.6949
25.7154 11.5799
26.6003 10.6949
27.7154 10.1268
28.9514 9.93103

[OBSTACLE]
13.3237 19.1262
13.6915 19.3136
13.6 19.52
14.08 20.16
14.56 20.8
15.1225 20.3781
15.3237 20.5793
15.8918 21.6944
16.0876 22.9305
15.8918 24.1665
15.4158 25.1007
15.2 24.96
14.08 24.8
12.48 25.12
12 25.92
11.9709 26.912
10.8515 26.7347
9.73648 26.1665
9.30548 25.7356
9.43997 25.6
8.79999 24.64
9.12 23.84
8.18216 23.5274
8.08762 22.9305
8.28339 21.6944
8.85153 20.5793
9.44427 19.9866
9.59998 20.16
10.24 19.84
10.266 19.4246
10.8515 19.1262
12.0876 18.9305

[OBSTACLE]
6.27103 1.66803
7.38608 2.23621
8.27103 3.12112
8.43839 3.44962
8.31998 3.51999
8 4.15997
8.47998 5.43997
8.79999 5.91998
8.95581 5.97192
8.83917 6.70834
8.27103 7.82339
7.38608 8.70834
6.8197 8.99692
6.71997 8.79999
4.63998 8.15997
3.5351 9.14209
2.68381 8.70834
1.79889 7.82339
1.59998 7.43301
1.59998 3.51151
1.79889 3.12112
2.68381 2.23621
3.79889 1.66803
4.22858 1.59998
5.84134 1.59998

[OBSTACLE]
4.31998 17.6
4.79999 18.4
6.23999 17.76
6.61063 17.5747
7.39386 17.9738
8.27878 18.8587
8.84695 19.9738
9.04272 21.2098
8.84695 22.4459
8.27939 23.5598
8.15997 23.52
8.09607 23.7437
7.39386 24.4459
6.27878 25.014
5.04272 25.2098
3.80664 25.014
2.69159 24.4459
1.80664 23.561
1.59998 23.1554
1.59998 19.2643
1.80664 18.8587
2.69159 17.9738
3.80664 17.4056
4.26648 17.3328

[OBSTACLE]
23.3616 25.8075
24.4767 26.3756
25.3616 27.2606
25.9297 28.3756
26.1255 29.6117
25.9297 30.8478
25.3616 31.9629
24.4767 32.8478
23.3616 33.416
22.1997 33.6
22.0513 33.6
20.8895 33.416
19.7744 32.8478
18.8895 31.9629
18.3213 30.8478
18.2966 30.6917
18.56 30.56
19.52 30.24
19.04 29.44
19.2 28.48
18.88 28.16
18.5145 27.9965
18.8895 27.2606
19.7744 26.3756
20.8895 25.8075
22.1255 25.6117

[OBSTACLE]
7.51999 25.44
8.31998 26.08
9.43997 25.6
9.58875 25.3444
9.9491 25.528
10.834 26.413
11.4022 27.528
11.598 28.7641
11.4022 30.0002
10.834 31.1152
9.9491 32.0002
8.83401 32.5683
7.59796 32.7641
6.36188 32.5683
5.2468 32.0002
4.62534 31.3787
5.91998 30.24
4.79999 28.8
3.61111 28.6811
3.79373 27.528
4.36188 26.413
5.2468 25.528
6.36188 24.9599
7.50449 24.7789

[OBSTACLE]
7.30786 9.28076
8.19278 10.1657
8.76096 11.2808
8.95673 12.5168
8.76096 13.7529
8.19278 14.868
7.30786 15.7529
6.82291 16
5.28 16
4.15997 16.32
4.14563 16.3884
3.72064 16.3211
2.60559 15.7529
1.72064 14.868
1.59998 14.6312
1.59998 10.4025
1.72064 10.1657
2.60559 9.28076
2.86377 9.14923
3.84 10.72
4.63998 11.2
5.59998 9.75998
6.58734 8.91367

[OBSTACLE]
8.13715 16.097
9.02209 16.9819
9.59024 18.097
9.72653 18.9576
9.59998 20.16
9.65323 20.1715
9.59024 20.5691
9.02209 21.6842
8.13715 22.5691
7.02209 23.1373
5.78601 23.3331
4.54996 23.1373
3.43488 22.5691
2.54996 21.6842
1.98178 20.5691
1.78601 19.3331
1.98178 18.097
2.54996 16.9819
2.91534 16.6165
4.79999 18.4
6.23999 17.76
7.19998 17.28
8.04651 16.0508

[OBSTACLE]
12.3995 1.66962
13.5146 2.23776
14.3995 3.12268
14.6858 3.6846
13.12 4.47998
13.28 5.59998
14.24 6.39999
14.9814 6.62317
14.9677 6.7099
14.3995 7.82498
13.5146 8.7099
12.3995 9.27808
11.1634 9.47385
9.92734 9.27808
8.81229 8.7099
7.92734 7.82498
7.69434 7.36765
9.75998 6.23999
10.08 4.95999
9.28 3.51999
8.42108 2.62897
8.81229 2.23776
9.92734 1.66962
10.367 1.59998
11.9598 1.59998

[OBSTACLE]
3.18433 25.45
4.29938 26.0182
5.18433 26.9031
5.49533 27.5135
3.19998 28.64
2.71997 30.08
3.67999 31.2
4.57928 32.2104
4.29938 32.4903
3.18433 33.0585
1.94824 33.2543
1.59998 33.1991
1.59998 25.3094
1.94824 25.2543

[OBSTACLE]
21.6142 18.6729
21.6 18.72
22.4 20
22.08 20.64
23.04 20.8
23.8919 20.516
24.2683 21.2547
24.4641 22.4908
24.2683 23.7268
23.7002 24.8419
22.8152 25.7268
21.7002 26.295
20.4641 26.4908
19.6289 26.3585
20 24.64
20.16 23.68
18.72 23.2
17.6 23.36
16.6475 23.649
16.4641 22.4908
16.6599 21.2547
17.228 20.1396
18.1129 19.2547
19.228 18.6865
20.4641 18.4908

[OBSTACLE]
27.68 19.2
29.12 20
30.56 19.04
30.7577 18.7546
30.8384 18.7958
31.7233 19.6807
32.2915 20.7958
32.4872 22.0319
32.2915 23.2679
31.7233 24.383
30.8384 25.2679
29.7233 25.8361
28.4872 26.0319
27.2512 25.8361
27.1853 25.8025
27.2 25.76
27.36 25.12
26.1254 25.2572
25.2512 24.383
24.683 23.2679
24.4872 22.0319
24.683 20.7958
25.2512 19.6807
26.1361 18.7958
27.2512 18.2276
27.3963 18.2047

[OBSTACLE]
11.8852 29.1394
11.8856 29.1396
11.84 29.28
11.68 30.24
12.48 31.2
14.08 31.2
14.1711 31.1537
14.4533 31.7076
14.6491 32.9436
14.5452 33.6
6.75305 33.6
6.64911 32.9436
6.84488 31.7076
7.41302 30.5925
8.29797 29.7076
9.41302 29.1394
10.6491 28.9436

[OBSTACLE]
28.16 6.07999
28.96 7.03998
32.3526 7.08966
32.1661 8.2673
31.598 9.38239
31.0433 9.93701
30.88 9.75998
30.24 9.43997
28.96 9.91998
29.1638 10.9042
28.3619 11.0312
27.1258 10.8354
26.0107 10.2673
25.6637 9.92029
25.92 9.59998
26.56 8.63998
26.4 7.84
25.12 8.15997
24.5959 8.34244
24.5576 8.2673
24.3619 7.03122
24.5576 5.79517
25.1258 4.68008
26.0107 3.79517
27.1258 3.22699
27.5405 3.16132

[OBSTACLE]
4.26993 13.5215
5.38501 14.0896
5.98526 14.6899
4.15997 16.32
4.31998 17.6
4.79999 18.4
6.41879 19.3847
6.26993 19.6768
5.38501 20.5618
4.26993 21.1299
3.03387 21.3257
1.79779 21.1299
1.59998 21.0291
1.59998 13.6223
1.79779 13.5215
3.03387 13.3257

[OBSTACLE]
23.998 7.48254
25.1131 8.05072
25.1351 8.07269
24.48 8.95999
25.12 9.75998
25.28 10.4
26.5214 9.9628
26.5662 10.0507
26.762 11.2868
26.5662 12.5229
25.998 13.6379
25.338 14.298
24.64 13.6
23.36 13.44
22.56 14.24
22.4913 15.2439
21.5259 15.091
20.4109 14.5229
19.5259 13.6379
18.9578 12.5229
18.9475 12.4578
20.96 11.84
22.24 11.04
22.08 9.59998
21.2755 7.61017
21.5259 7.48254
22.762 7.28677

[OBSTACLE]
33.6 16.9856
33.6 24.623
32.4553 24.8043
31.2192 24.6085
30.1042 24.0403
29.2192 23.1554
28.6511 22.0403
28.4553 20.8043
28.6025 19.8752
29.12 20
30.56 19.04
30.56 17.92
30.2725 17.4824
31.2192 17
32.4553 16.8043

[OBSTACLE]
16.3112 25.2752
17.4263 25.8434
18.3112 26.7283
18.8794 27.8434
18.9277 28.1484
18.88 28.16
17.76 28.48
17.28 29.28
17.76 30.24
18.24 30.72
18.5828 30.8977
18.3112 31.4306
17.4263 32.3155
16.3112 32.8837
15.0752 33.0795
13.8391 32.8837
13.3958 32.6578
14.08 31.2
14.4 30.08
12.96 28.96
11.1106 28.8555
11.271 27.8434
11.8391 26.7283
12.129 26.4385
12.8 27.04
13.6 27.04
13.92 26.24
14.88 25.92
15.1559 25.0923

[OBSTACLE]
14.1019 11.3727
15.2169 11.9409
16.0669 12.7909
15.84 12.96
15.04 13.76
15.36 14.72
16.753 14.4648
16.8658 15.177
16.67 16.4131
16.1019 17.5281
15.2169 18.4131
14.9286 18.56
14.4 18.56
14.0409 18.9908
12.8658 19.177
11.6297 18.9812
10.5146 18.4131
10.3401 18.2385
10.4 17.28
9.91998 17.12
9.54709 17.3659
9.06155 16.4131
8.86578 15.177
9.06155 13.9409
9.62973 12.8258
10.2956 12.16
10.56 12.16
10.6816 11.8558
11.6297 11.3727
12.8658 11.177

[OBSTACLE]
5.99118 21.5791
7.10623 22.1472
7.99118 23.0322
8.22235 23.4859
8.15997 23.52
7.84 24.64
7.51999 25.44
8.31998 26.08
8.63501 26.1415
8.55933 26.6194
7.99118 27.7344
7.10623 28.6194
5.99118 29.1875
5.19901 29.313
4.79999 28.8
3.19998 28.64
3.05212 28.9496
2.40396 28.6194
1.59998 27.8154
1.59998 22.9512
2.40396 22.1472
3.51904 21.5791
4.7551 21.3833

[OBSTACLE]
20.7572 2.62085
20.953 3.85693
20.7572 5.09299
20.1891 6.20807
19.3042 7.09299
18.1891 7.66116
16.953 7.85693
15.7169 7.66116
14.8167 7.20245
15.84 5.59998
15.2 4.79999
13.12 4.47998
13.0534 4.49081
12.953 3.85693
13.1488 2.62085
13.669 1.59998
20.2371 1.59998

[OBSTACLE]
33.6 24.9395
33.6 32.6704
32.7506 32.8049
31.5146 32.6092
30.3995 32.041
29.5146 31.1561
28.9464 30.041
28.7506 28.8049
28.9464 27.5689
29.5146 26.4538
30.3995 25.5689
31.5146 25.0007
32.7506 24.8049

[OBSTACLE]
25.44 26.88
25.92 26.72
26.72 26.88
26.9247 26.4023
27.0627 26.4241
28.1778 26.9922
29.0627 27.8772
29.6309 28.9922
29.8267 30.2283
29.6309 31.4644
29.0627 32.5795
28.1778 33.4644
27.9117 33.6
23.7416 33.6
23.4755 33.4644
22.5906 32.5795
22.0225 31.4644
21.8267 30.2283
22.0225 28.9922
22.5906 27.8772
23.4755 26.9922
24.5906 26.4241
24.8446 26.3839

[OBSTACLE]
12.3902 3.89218
13.2206 4.31531
13.12 4.47998
13.28 5.59998
14.24 6.39999
14.8064 6.16205
14.9584 6.46036
15.1541 7.69641
14.9584 8.9325
14.3902 10.0475
13.5053 10.9325
12.3902 11.5006
11.1541 11.6964
10.8583 11.6496
10.88 11.36
10.72 10.4
9.43997 10.24
8.47998 10.56
8.45609 10.5856
7.91806 10.0475
7.34991 8.9325
7.15414 7.69641
7.34991 6.46036
7.91806 5.34528
7.96982 5.29352
8.79999 5.91998
9.75998 6.23999
10.08 4.95999
9.7037 4.0014
9.91806 3.89218
11.1541 3.69641

[OBSTACLE]
17.3574 24.2083
18.56 24.96
19.1195 24.8201
19.2871 24.9055
20.172 25.7904
20.7402 26.9055
20.936 28.1416
20.93 28.1794
18.88 28.16
17.76 28.48
17.28 29.28
18.0895 31.9589
16.936 32.1416
15.6999 31.9458
14.5848 31.3777
14.1527 30.9455
14.4 30.08
13.0804 29.0536
12.936 28.1416
13.1104 27.04
13.6 27.04
13.92 26.24
14.88 25.92
15.2 24.96
15.0429 24.6721
15.6999 24.3374
16.936 24.1416

[OBSTACLE]
26.3099 14.8656
27.425 15.4337
28.3099 16.3187
28.8781 17.4337
28.8856 17.481
28 18.24
27.68 19.2
28.8839 19.8689
28.8781 19.9059
28.3099 21.021
27.425 21.9059
26.3099 22.4741
25.0739 22.6698
23.8378 22.4741
23.054 22.0747
24 20.48
24 19.52
24.96 18.72
23.04 18.08
21.2495 17.5608
21.2697 17.4337
21.8378 16.3187
22.7227 15.4337
22.7945 15.3972
22.88 15.52
25.6258 14.7572

[OBSTACLE]
2.71997 30.08
3.67999 31.2
5.91998 30.24
7.0321 29.4144
7.06143 29.4438
7.62961 30.5588
7.82538 31.7949
7.62961 33.0309
7.33966 33.6
1.59998 33.6
1.59998 28.4948
1.67389 28.4571

[OBSTACLE]
30.6704 1.99167
30.4746 3.22775
29.9065 4.3428
29.327 4.9223
28.96 4.79999
28 4.95999
28.1049 5.69476
27.9065 5.7959
26.6704 5.99167
25.4343 5.7959
24.5157 5.32785
24.96 4.63998
25.28 3.19998
24.32 2.87997
23.2 3.19998
22.9044 3.30289
22.8662 3.22775
22.6704 1.99167
22.7325 1.59998
30.6084 1.59998

[OBSTACLE]
33.6 9.04498
33.6 16.8858
33.0976 16.9654
31.8615 16.7696
30.7465 16.2015
29.8615 15.3166
29.2934 14.2015
29.0976 12.9654
29.2567 11.9609
30.24 11.68
30.24 10.56
30.88 9.75998
30.8295 9.68701
31.8615 9.16119
33.0976 8.96539

[OBSTACLE]
17.76 30.24
18.24 30.72
18.56 30.56
19.52 30.24
19.7558 29.5075
19.7665 29.5092
20.8816 30.0773
21.7665 30.9623
22.3346 32.0773
22.5304 33.3134
22.485 33.6
14.5758 33.6
14.5304 33.3134
14.7262 32.0773
15.2943 30.9623
16.1793 30.0773
17.2943 29.5092
17.3872 29.4945

[OBSTACLE]
19.152 17.1964
20.267 17.7646
21.152 18.6495
21.7201 19.7646
21.9159 21.0006
21.7201 22.2367
21.152 23.3518
20.4625 24.0412
20.16 23.68
18.72 23.2
17.6 23.36
17.28 24.16
17.1357 24.8771
16.6798 24.8049
15.5648 24.2367
14.6798 23.3518
14.1117 22.2367
13.9159 21.0006
13.9534 20.7637
14.56 20.8
15.2 20.32
16.32 19.68
15.36 18.56
15.0579 18.2715
15.5648 17.7646
16.6798 17.1964
17.9159 17.0006

[OBSTACLE]
15.04 13.76
15.36 14.72
16.16 14.24
17.12 13.44
17.3097 13.161
17.4214 13.218
18.3064 14.1029
18.8745 15.218
19.0703 16.454
18.8745 17.6901
18.3064 18.8052
17.4214 19.6901
16.5048 20.1572
16.32 19.68
15.36 18.56
14.4 18.56
13.6 19.52
13.3615 20.0174
12.7191 19.6901
11.8342 18.8052
11.2661 17.6901
11.0703 16.454
11.2661 15.218
11.8342 14.1029
12.7191 13.218
13.8342 12.6498
15.0254 12.4612

[OBSTACLE]
13.7097 1.64917
13.514 2.88522
12.9458 4.00031
12.0609 4.88522
10.9458 5.4534
10.1493 5.57956
10.08 4.95999
9.28 3.51999
8.31998 3.51999
7.32831 4.85492
6.47366 4.00031
5.90552 2.88522
5.70975 1.64917
5.71753 1.59998
13.702 1.59998

[OBSTACLE]
22.08 20.64
23.04 20.8
23.3269 20.7043
23.6811 20.7605
24.7962 21.3286
25.6811 22.2136
26.2493 23.3286
26.445 24.5647
26.3391 25.2334
25.92 25.28
25.12 25.12
24.48 26.08
25.44 26.88
25.5962 27.0008
24.7962 27.8008
23.6811 28.3689
22.445 28.5647
21.209 28.3689
20.0939 27.8008
19.209 26.9158
18.6408 25.8008
18.5085 24.9652
18.56 24.96
19.2 24.8
20 24.64
20.16 23.68
18.7416 23.1309
19.209 22.2136
20.0939 21.3286
21.209 20.7605
22.0784 20.6228

[OBSTACLE]
3.85892 1.66229
4.97397 2.23047
5.85892 3.11539
6.42706 4.23047
6.62283 5.46652
6.42706 6.70261
5.85892 7.81766
5.31033 8.36624
4.63998 8.15997
3.28876 9.36105
2.62283 9.46652
1.59998 9.3045
1.59998 1.62854
1.78024 1.59998
3.46545 1.59998

[OBSTACLE]
12.084 24.6939
12 25.92
12.8 27.04
13.6 27.04
14.7513 26.0021
15.049 26.2998
15.6171 27.4149
15.8129 28.651
15.6492 29.6844
12.96 28.96
11.84 29.28
11.68 30.24
11.4827 32.5987
10.5768 32.4552
9.46176 31.8871
8.57684 31.0021
8.0087 29.8871
7.81293 28.651
8.0087 27.4149
8.57684 26.2998
9.15424 25.7224
9.43997 25.6
9.37466 25.502
9.46176 25.4149
10.5768 24.8467
11.8129 24.651

[OBSTACLE]
33.6 9.29492
32.9239 9.40201
31.6878 9.20624
30.5727 8.63806
29.6878 7.75314
29.3797 7.14853
29.6 7.03998
30.4 5.28
29.0162 4.81873
29.1196 4.16595
29.6878 3.05087
30.5727 2.16595
31.6835 1.59998
33.6 1.59998

[OBSTACLE]
32.3328 28.2071
33.4479 28.7753
33.6 28.9274
33.6 33.6
27.4722 33.6
27.2925 33.2474
27.0967 32.0113
27.2925 30.7753
27.8607 29.6602
28.7456 28.7753
29.8607 28.2071
31.0967 28.0113

[OBSTACLE]
31.9353 22.1111
33.0504 22.6792
33.6 23.2288
33.6 28.6018
33.0504 29.1513
31.9353 29.7195
30.6993 29.9153
29.4632 29.7195
28.3481 29.1513
27.4632 28.2664
26.8951 27.1513
26.8164 26.6549
27.2 25.76
27.36 25.12
26.8447 24.9973
26.8951 24.6792
27.4632 23.5641
28.3481 22.6792
29.4632 22.1111
30.6993 21.9153

[OBSTACLE]
19.5627 4.1727
20.6778 4.74084
21.5627 5.62579
22.1309 6.74084
22.3266 7.97693
22.1309 9.21298
21.9572 9.55392
20.8 9.12
19.84 9.59998
20.8 11.04
20.8085 11.0823
20.6778 11.213
19.5627 11.7812
18.3266 11.9769
17.0906 11.7812
15.9755 11.213
15.0906 10.3281
14.5224 9.21298
14.3266 7.97693
14.5224 6.74084
14.852 6.09396
15.84 5.59998
15.5184 5.19797
15.9755 4.74084
17.0906 4.1727
18.3266 3.97693

[OBSTACLE]
7.32635 8.55896
8.2113 9.44388
8.73431 10.4704
8.47998 10.56
8.88132 11.2021
8.97522 11.795
8.77945 13.0311
8.2113 14.1462
7.32635 15.0311
6.2113 15.5992
4.97522 15.795
3.73917 15.5992
2.62408 15.0311
1.73917 14.1462
1.59998 13.873
1.59998 9.71704
1.73917 9.44388
2.10553 9.07751
3.84 10.72
4.63998 11.2
5.59998 9.75998
6.71997 8.79999
6.96704 8.37589

[OBSTACLE]
28.0583 7.56384
28.9432 8.44876
29.5114 9.56384
29.5337 9.70483
28.96 9.91998
29.44 11.04
29.12 12
29.4674 12.1222
28.9432 13.151
28.0583 14.036
26.9432 14.6041
25.761 14.7914
25.76 14.72
24.64 13.6
23.36 13.44
23.06 13.74
22.4711 13.151
21.9029 12.036
21.7897 11.3214
22.24 11.04
22.08 9.59998
21.9159 9.53842
22.4711 8.44876
22.8216 8.09827
25.28 10.4
25.92 9.59998
26.56 8.63998
27.1647 7.10852

[OBSTACLE]
9.28 11.84
9.59998 12.16
10.56 12.16
10.88 11.36
10.9545 11.1085
11.0587 11.125
12.1738 11.6931
13.0587 12.5781
13.6269 13.6931
13.8227 14.9292
13.6269 16.1653
13.0587 17.2803
12.1738 18.1653
11.0587 18.7334
10.7682 18.7794
10.4 17.28
9.91998 17.12
9.73105 18.9147
8.58661 18.7334
7.47156 18.1653
6.87634 17.5701
7.19998 17.28
7.03998 16
5.99228 16
5.82269 14.9292
6.01846 13.6931
6.58661 12.5781
7.47156 11.6931
8.58661 11.125
8.81088 11.0894

[OBSTACLE]
20.8 11.04
20.96 11.84
22.1629 11.0882
22.4565 11.1347
23.5715 11.7028
24.4565 12.5877
24.488 12.6497
23.36 13.44
22.56 14.24
22.88 15.52
24.9831 16.2564
24.4565 17.29
23.5715 18.175
23.474 18.2246
23.04 18.08
22.08 17.92
21.6 18.72
21.6157 18.8763
21.2204 18.9389
19.9843 18.7431
18.8693 18.175
17.9843 17.29
17.4162 16.175
17.2204 14.9389
17.4162 13.7028
17.9843 12.5877
18.8693 11.7028
19.9843 11.1347
20.7792 11.0088

[OBSTACLE]
3.81195 4.40002
4.927 4.96817
5.81195 5.85312
6.3801 6.96817
6.56232 8.11874
4.63998 8.15997
3.19998 9.43997
3.84 10.72
4.34976 11.7344
3.81195 12.0085
2.57587 12.2043
1.59998 12.0497
1.59998 4.35883
2.57587 4.20425

[OBSTACLE]
27.0446 3.30203
28.1597 3.87018
28.6313 4.34174
28 4.95999
28.16 6.07999
28.96 7.03998
29.6 7.03998
29.7975 7.03653
29.8086 7.10626
29.6128 8.34232
29.0446 9.4574
28.3022 10.1999
26.4 7.84
25.12 8.15997
24.48 8.95999
23.4807 10.3542
23.4574 10.3423
22.5725 9.4574
22.0043 8.34232
21.8086 7.10626
22.0043 5.87018
22.5725 4.75513
23.3888 3.93881
23.68 4.31998
24.96 4.63998
25.28 3.19998
25.2787 3.19019
25.8086 3.10626

[OBSTACLE]
33.6 13.0258
33.6 20.8332
32.992 20.9295
31.756 20.7337
30.6409 20.1655
30.0007 19.5253
30.56 19.04
30.56 17.92
29.12 17.28
29.0486 17.2865
28.992 16.9295
29.1878 15.6934
29.756 14.5783
30.6409 13.6934
31.756 13.1252
32.992 12.9295

[OBSTACLE]
25.1915 26.6729
25.44 26.88
25.7811 26.7663
25.8816 26.7822
26.9966 27.3504
27.8816 28.2353
28.4497 29.3504
28.6455 30.5864
28.4497 31.8225
27.8816 32.9376
27.2191 33.6
22.0719 33.6
21.4094 32.9376
20.8413 31.8225
20.6455 30.5864
20.8413 29.3504
21.4094 28.2353
22.2944 27.3504
23.4094 26.7822
24.6455 26.5864

[OBSTACLE]
6.49371 2.24176
6.68948 3.47781
6.49371 4.7139
5.92557 5.82895
5.04065 6.7139
3.92557 7.28204
2.68948 7.47781
1.59998 7.30527
1.59998 1.59998
6.16672 1.59998

[OBSTACLE]
18.2915 3.07449
19.4065 3.64264
20.2915 4.52759
20.8596 5.64264
21.0554 6.87872
20.8596 8.11478
20.2915 9.22986
20.0027 9.51862
19.84 9.59998
19.8725 9.64877
19.4065 10.1148
18.2915 10.683
17.0554 10.8787
15.8193 10.683
14.7043 10.1148
13.8193 9.22986
13.2512 8.11478
13.0554 6.87872
13.1603 6.2164
14.24 6.39999
15.84 5.59998
15.2 4.79999
14.4204 3.92654
14.7043 3.64264
15.8193 3.07449
17.0554 2.87872

[OBSTACLE]
16.1563 28.3133
17.2714 28.8814
17.4262 29.0363
17.28 29.28
17.76 30.24
18.24 30.72
18.5712 30.5806
18.7245 30.8814
18.9202 32.1175
18.7245 33.3536
18.5989 33.6
11.2415 33.6
11.116 33.3536
10.9202 32.1175
11.116 30.8814
11.1991 30.7184
12.48 31.2
14.08 31.2
14.4 30.08
13.9386 28.273
14.9202 28.1175

[OBSTACLE]
26.1498 16.813
27.2649 17.3811
28.0666 18.1829
28 18.24
27.68 19.2
28.7867 19.8148
28.9137 20.6172
28.718 21.8533
28.1498 22.9683
27.2649 23.8533
26.1498 24.4214
24.9137 24.6172
23.6776 24.4214
22.5626 23.8533
21.6776 22.9683
21.1095 21.8533
20.9746 21.0015
23.04 20.8
24 20.48
24 19.52
24.96 18.72
25.0109 16.6326

[OBSTACLE]
23.58 2.1962
23.9187 2.8609
23.2 3.19998
23.68 4.31998
24.3338 4.48343
24.344 4.54733
24.1482 5.78342
23.58 6.89847
22.6951 7.78342
21.58 8.35156
20.344 8.54733
19.1079 8.35156
17.9928 7.78342
17.1079 6.89847
16.5398 5.78342
16.344 4.54733
16.5398 3.31128
17.1079 2.1962
17.7041 1.59998
22.9838 1.59998

